1	0
2	0
3	0
4	0
5	0
6	0
7	0
8	0
9	0
10	0
11	0
12	0
13	0
14	0
15	0
16	0
17	0
18	0
19	0
20	0
21	0
22	0
23	0
24	0
25	0
26	0
27	0
28	0
29	0
30	0
31	0
32	0
33	0
34	0
35	0
36	0
37	0
38	0
39	0
40	0
41	0
42	0
43	0
44	0
45	0
46	0
47	0
48	0
49	0
50	0
51	0
52	0
53	0
54	0
55	0
56	0
57	0
58	0
59	0
60	0
61	0
62	0
63	34
64	1678
65	3418
66	2503
67	2111
68	2203
69	2152
70	2207
71	2101
72	2078
73	2075
74	2108
75	2042
76	2040
77	2075
78	2133
79	2103
80	1933
81	2045
82	1999
83	2012
84	1977
85	2014
86	1964
87	1982
88	1908
89	1818
90	1702
91	1785
92	1830
93	1870
94	1815
95	1823
96	1753
97	1562
98	1641
99	1706
100	1664
101	1642
102	1553
103	1624
104	1600
105	1665
106	1552
107	1579
108	1642
109	1598
110	1535
111	1555
112	1551
113	1487
114	1539
115	1555
116	1473
117	1566
118	1551
119	1460
120	1521
121	1492
122	1524
123	1515
124	1432
125	1436
126	1551
127	1504
128	1446
129	1536
130	1485
131	1513
132	1457
133	1547
134	1482
135	1480
136	1460
137	1478
138	1471
139	1530
140	1548
141	1466
142	1413
143	1478
144	1452
145	1483
146	1408
147	1431
148	1492
149	1518
150	1456
151	1413
152	1399
153	1481
154	1495
155	1483
156	1465
157	1409
158	1459
159	1451
160	1424
161	1529
162	1371
163	1435
164	1347
165	1473
166	1421
167	1461
168	1421
169	1409
170	1437
171	1414
172	1464
173	1422
174	1386
175	1326
176	1341
177	1392
178	1421
179	1338
180	1450
181	1355
182	1381
183	1416
184	1411
185	1417
186	1376
187	1405
188	1328
189	1428
190	1428
191	1398
192	1370
193	1389
194	1412
195	1390
196	1403
197	1338
198	1345
199	1380
200	1385
201	1388
202	1369
203	1342
204	1341
205	1322
206	1318
207	1391
208	1406
209	1388
210	1415
211	1373
212	1327
213	1362
214	1474
215	1414
216	1352
217	1373
218	1418
219	1468
220	1375
221	1376
222	1369
223	1413
224	1384
225	1395
226	1365
227	1398
228	1426
229	1345
230	1357
231	1381
232	1338
233	1370
234	1452
235	1349
236	1410
237	1376
238	1411
239	1385
240	1388
241	1334
242	1290
243	1351
244	1435
245	1370
246	1361
247	1369
248	1375
249	1400
250	1367
251	1343
252	1414
253	1382
254	1385
255	1411
256	1338
257	1309
258	1394
259	1319
260	1402
261	1355
262	1354
263	1363
264	1312
265	1363
266	1322
267	1376
268	1320
269	1414
270	1336
271	1359
272	1371
273	1366
274	1344
275	1377
276	1365
277	1320
278	1305
279	1327
280	1354
281	1301
282	1352
283	1344
284	1341
285	1336
286	1306
287	1352
288	1369
289	1382
290	1335
291	1347
292	1329
293	1372
294	1330
295	1340
296	1280
297	1362
298	1333
299	1367
300	1379
301	1383
302	1267
303	1333
304	1404
305	1385
306	1310
307	1380
308	1374
309	1429
310	1388
311	1462
312	1403
313	1436
314	1376
315	1530
316	1537
317	1550
318	1583
319	1633
320	1746
321	1635
322	1613
323	1642
324	1673
325	1636
326	1633
327	1584
328	1715
329	1619
330	1624
331	1648
332	1726
333	1704
334	1630
335	1600
336	1643
337	1565
338	1657
339	1563
340	1607
341	1650
342	1639
343	1656
344	1608
345	1651
346	1609
347	1644
348	1628
349	1601
350	1592
351	1620
352	1547
353	1633
354	1584
355	1566
356	1600
357	1715
358	1637
359	1707
360	1657
361	1632
362	1659
363	1647
364	1663
365	1657
366	1671
367	1533
368	1658
369	1682
370	1632
371	1685
372	1681
373	1670
374	1701
375	1588
376	1599
377	1685
378	1685
379	1631
380	1623
381	1560
382	1663
383	1592
384	1636
385	1578
386	1571
387	1581
388	1546
389	1578
390	1602
391	1584
392	1543
393	1520
394	1565
395	1504
396	1532
397	1493
398	1483
399	1499
400	1556
401	1603
402	1563
403	1469
404	1478
405	1517
406	1593
407	1475
408	1560
409	1579
410	1423
411	1505
412	1513
413	1485
414	1548
415	1468
416	1471
417	1503
418	1436
419	1477
420	1525
421	1488
422	1443
423	1486
424	1498
425	1413
426	1468
427	1460
428	1462
429	1521
430	1424
431	1512
432	1430
433	1452
434	1396
435	1457
436	1355
437	1419
438	1451
439	1471
440	1413
441	1431
442	1454
443	1438
444	1430
445	1452
446	1443
447	1378
448	1357
449	1454
450	1374
451	1416
452	1400
453	1372
454	1364
455	1418
456	1374
457	1358
458	1377
459	1337
460	1426
461	1409
462	1345
463	1400
464	1402
465	1356
466	1328
467	1407
468	1365
469	1316
470	1397
471	1427
472	1388
473	1326
474	1403
475	1351
476	1354
477	1370
478	1354
479	1410
480	1346
481	1285
482	1431
483	1397
484	1359
485	1330
486	1275
487	1398
488	1313
489	1339
490	1311
491	1380
492	1281
493	1369
494	1313
495	1316
496	1348
497	1263
498	1286
499	1370
500	1348
501	1309
502	1273
503	1313
504	1307
505	1355
506	1302
507	1337
508	1321
509	1296
510	1367
511	1371
512	1361
513	1383
514	1310
515	1370
516	1347
517	1328
518	1257
519	1294
520	1372
521	1247
522	1304
523	1354
524	1324
525	1307
526	1288
527	1331
528	1313
529	1304
530	1315
531	1334
532	1256
533	1295
534	1263
535	1308
536	1364
537	1272
538	1334
539	1304
540	1315
541	1291
542	1325
543	1287
544	1304
545	1281
546	1326
547	1355
548	1302
549	1287
550	1327
551	1284
552	1310
553	1296
554	1322
555	1306
556	1301
557	1302
558	1247
559	1264
560	1289
561	1252
562	1259
563	1296
564	1315
565	1347
566	1285
567	1344
568	1306
569	1255
570	1261
571	1366
572	1241
573	1379
574	1278
575	1277
576	1338
577	1341
578	1249
579	1346
580	1331
581	1314
582	1312
583	1262
584	1295
585	1292
586	1309
587	1260
588	1339
589	1255
590	1285
591	1295
592	1320
593	1330
594	1334
595	1286
596	1319
597	1354
598	1329
599	1355
600	1282
601	1376
602	1331
603	1298
604	1386
605	1285
606	1213
607	1291
608	1254
609	1403
610	1326
611	1321
612	1340
613	1351
614	1386
615	1322
616	1333
617	1332
618	1338
619	1316
620	1367
621	1333
622	1338
623	1306
624	1349
625	1313
626	1396
627	1371
628	1287
629	1347
630	1302
631	1370
632	1315
633	1354
634	1284
635	1337
636	1374
637	1363
638	1359
639	1403
640	1382
641	1391
642	1267
643	1425
644	1345
645	1368
646	1388
647	1337
648	1381
649	1374
650	1427
651	1379
652	1342
653	1366
654	1364
655	1415
656	1451
657	1407
658	1422
659	1392
660	1372
661	1533
662	1350
663	1424
664	1372
665	1306
666	1391
667	1343
668	1436
669	1487
670	1347
671	1507
672	1314
673	1430
674	1438
675	1456
676	1467
677	1488
678	1437
679	1457
680	1420
681	1431
682	1406
683	1476
684	1453
685	1554
686	1465
687	1467
688	1472
689	1465
690	1501
691	1456
692	1514
693	1512
694	1483
695	1533
696	1559
697	1475
698	1609
699	1447
700	1481
701	1520
702	1545
703	1503
704	1536
705	1517
706	1571
707	1538
708	1634
709	1610
710	1581
711	1602
712	1652
713	1588
714	1611
715	1557
716	1588
717	1558
718	1576
719	1606
720	1631
721	1602
722	1713
723	1619
724	1556
725	1631
726	1675
727	1646
728	1675
729	1681
730	1678
731	1635
732	1700
733	1702
734	1678
735	1683
736	1754
737	1708
738	1704
739	1755
740	1732
741	1758
742	1794
743	1743
744	1812
745	1812
746	1783
747	1800
748	1749
749	1803
750	1761
751	1779
752	1851
753	1853
754	1932
755	1792
756	1759
757	1784
758	1831
759	1794
760	1811
761	1902
762	1867
763	1809
764	1825
765	1859
766	1784
767	1738
768	1745
769	1841
770	1671
771	1681
772	1554
773	1603
774	1576
775	1484
776	1422
777	1389
778	1388
779	1319
780	1290
781	1258
782	1225
783	1339
784	1122
785	1257
786	1150
787	1169
788	1187
789	1144
790	1207
791	1113
792	1147
793	1107
794	1123
795	1072
796	1079
797	1070
798	1048
799	1060
800	1067
801	1030
802	1046
803	1008
804	1036
805	987
806	938
807	969
808	986
809	938
810	979
811	949
812	958
813	994
814	942
815	949
816	941
817	901
818	926
819	969
820	904
821	964
822	945
823	958
824	837
825	916
826	935
827	906
828	857
829	863
830	907
831	858
832	875
833	910
834	826
835	850
836	859
837	860
838	874
839	825
840	781
841	791
842	785
843	841
844	799
845	821
846	753
847	782
848	770
849	811
850	765
851	777
852	735
853	788
854	790
855	742
856	764
857	713
858	773
859	704
860	753
861	758
862	730
863	737
864	719
865	629
866	724
867	704
868	697
869	670
870	750
871	673
872	656
873	671
874	685
875	650
876	689
877	556
878	631
879	674
880	673
881	647
882	638
883	613
884	624
885	606
886	614
887	583
888	578
889	557
890	583
891	617
892	574
893	559
894	536
895	586
896	541
897	519
898	599
899	584
900	576
901	541
902	565
903	520
904	550
905	512
906	534
907	554
908	494
909	538
910	507
911	541
912	520
913	540
914	544
915	520
916	525
917	519
918	519
919	497
920	531
921	507
922	518
923	504
924	515
925	526
926	517
927	512
928	507
929	566
930	540
931	543
932	516
933	522
934	552
935	501
936	479
937	514
938	513
939	547
940	508
941	546
942	536
943	523
944	532
945	505
946	493
947	526
948	533
949	547
950	490
951	483
952	516
953	500
954	524
955	500
956	503
957	518
958	460
959	469
960	502
961	478
962	461
963	553
964	501
965	523
966	534
967	502
968	481
969	496
970	468
971	506
972	454
973	496
974	471
975	495
976	484
977	459
978	473
979	473
980	497
981	499
982	452
983	519
984	507
985	507
986	521
987	527
988	530
989	483
990	494
991	528
992	521
993	492
994	465
995	467
996	477
997	471
998	507
999	459
1000	485
1001	454
1002	515
1003	490
1004	472
1005	477
1006	498
1007	484
1008	470
1009	470
1010	467
1011	505
1012	463
1013	501
1014	448
1015	535
1016	452
1017	465
1018	510
1019	471
1020	456
1021	449
1022	487
1023	465
1024	481
1025	489
1026	438
1027	476
1028	494
1029	468
1030	464
1031	500
1032	476
1033	482
1034	487
1035	488
1036	533
1037	489
1038	474
1039	498
1040	439
1041	469
1042	483
1043	483
1044	465
1045	502
1046	506
1047	508
1048	505
1049	503
1050	489
1051	579
1052	648
1053	1252
1054	3709
1055	9744
1056	22195
1057	37864
1058	49471
1059	51390
1060	45488
1061	37238
1062	28190
1063	18954
1064	11716
1065	7343
1066	4843
1067	3083
1068	1817
1069	963
1070	618
1071	457
1072	432
1073	417
1074	412
1075	402
1076	376
1077	364
1078	360
1079	363
1080	366
1081	364
1082	335
1083	346
1084	376
1085	341
1086	347
1087	355
1088	327
1089	308
1090	351
1091	339
1092	355
1093	322
1094	361
1095	297
1096	335
1097	325
1098	300
1099	323
1100	312
1101	313
1102	319
1103	343
1104	310
1105	308
1106	295
1107	329
1108	347
1109	336
1110	331
1111	335
1112	312
1113	338
1114	330
1115	338
1116	343
1117	335
1118	326
1119	335
1120	306
1121	326
1122	343
1123	322
1124	334
1125	326
1126	306
1127	340
1128	371
1129	324
1130	333
1131	324
1132	324
1133	324
1134	327
1135	315
1136	344
1137	316
1138	316
1139	331
1140	364
1141	344
1142	326
1143	329
1144	342
1145	337
1146	331
1147	337
1148	328
1149	320
1150	310
1151	312
1152	321
1153	327
1154	310
1155	319
1156	352
1157	327
1158	353
1159	323
1160	337
1161	321
1162	325
1163	317
1164	301
1165	330
1166	331
1167	344
1168	320
1169	347
1170	287
1171	342
1172	330
1173	334
1174	324
1175	334
1176	338
1177	325
1178	332
1179	377
1180	348
1181	340
1182	338
1183	324
1184	333
1185	326
1186	352
1187	333
1188	353
1189	316
1190	373
1191	363
1192	366
1193	339
1194	361
1195	336
1196	328
1197	326
1198	328
1199	348
1200	368
1201	314
1202	354
1203	309
1204	323
1205	336
1206	322
1207	324
1208	344
1209	358
1210	319
1211	375
1212	349
1213	325
1214	339
1215	315
1216	315
1217	309
1218	337
1219	339
1220	333
1221	359
1222	307
1223	341
1224	349
1225	366
1226	340
1227	360
1228	337
1229	365
1230	318
1231	360
1232	358
1233	338
1234	346
1235	330
1236	351
1237	386
1238	375
1239	396
1240	378
1241	316
1242	355
1243	373
1244	374
1245	376
1246	330
1247	344
1248	378
1249	358
1250	366
1251	340
1252	380
1253	345
1254	371
1255	369
1256	356
1257	359
1258	339
1259	359
1260	363
1261	349
1262	374
1263	380
1264	369
1265	409
1266	380
1267	358
1268	348
1269	364
1270	401
1271	368
1272	389
1273	354
1274	359
1275	373
1276	395
1277	367
1278	359
1279	373
1280	354
1281	386
1282	368
1283	319
1284	360
1285	378
1286	353
1287	340
1288	373
1289	375
1290	395
1291	360
1292	369
1293	398
1294	368
1295	391
1296	393
1297	384
1298	408
1299	390
1300	364
1301	416
1302	367
1303	363
1304	399
1305	399
1306	398
1307	396
1308	404
1309	437
1310	423
1311	422
1312	393
1313	419
1314	414
1315	375
1316	382
1317	388
1318	363
1319	383
1320	389
1321	378
1322	377
1323	424
1324	383
1325	376
1326	402
1327	422
1328	385
1329	385
1330	368
1331	379
1332	401
1333	405
1334	375
1335	403
1336	375
1337	397
1338	401
1339	342
1340	357
1341	378
1342	401
1343	387
1344	371
1345	388
1346	384
1347	396
1348	386
1349	414
1350	410
1351	374
1352	406
1353	390
1354	393
1355	400
1356	397
1357	428
1358	401
1359	393
1360	397
1361	401
1362	389
1363	386
1364	405
1365	438
1366	430
1367	431
1368	392
1369	384
1370	420
1371	419
1372	404
1373	431
1374	408
1375	401
1376	419
1377	394
1378	388
1379	408
1380	441
1381	428
1382	443
1383	383
1384	429
1385	430
1386	418
1387	395
1388	425
1389	429
1390	415
1391	403
1392	407
1393	448
1394	418
1395	449
1396	447
1397	459
1398	432
1399	427
1400	432
1401	427
1402	445
1403	397
1404	447
1405	432
1406	411
1407	426
1408	460
1409	426
1410	453
1411	437
1412	439
1413	458
1414	425
1415	467
1416	474
1417	433
1418	442
1419	445
1420	480
1421	452
1422	461
1423	468
1424	460
1425	461
1426	466
1427	456
1428	474
1429	493
1430	457
1431	483
1432	447
1433	460
1434	503
1435	476
1436	502
1437	447
1438	477
1439	490
1440	445
1441	479
1442	492
1443	486
1444	492
1445	463
1446	477
1447	458
1448	485
1449	459
1450	497
1451	474
1452	503
1453	524
1454	467
1455	530
1456	488
1457	463
1458	520
1459	476
1460	489
1461	454
1462	497
1463	477
1464	493
1465	529
1466	495
1467	546
1468	486
1469	537
1470	491
1471	497
1472	485
1473	491
1474	523
1475	499
1476	526
1477	522
1478	490
1479	548
1480	563
1481	565
1482	548
1483	562
1484	511
1485	525
1486	546
1487	515
1488	533
1489	504
1490	507
1491	521
1492	524
1493	540
1494	528
1495	561
1496	532
1497	548
1498	545
1499	539
1500	576
1501	550
1502	564
1503	549
1504	540
1505	560
1506	557
1507	580
1508	578
1509	550
1510	564
1511	544
1512	583
1513	557
1514	565
1515	592
1516	562
1517	590
1518	536
1519	579
1520	561
1521	571
1522	564
1523	570
1524	570
1525	559
1526	498
1527	548
1528	489
1529	528
1530	521
1531	460
1532	507
1533	507
1534	506
1535	459
1536	470
1537	446
1538	449
1539	448
1540	466
1541	453
1542	452
1543	453
1544	439
1545	487
1546	409
1547	386
1548	434
1549	445
1550	443
1551	469
1552	384
1553	466
1554	420
1555	424
1556	421
1557	484
1558	417
1559	429
1560	405
1561	428
1562	401
1563	426
1564	415
1565	425
1566	407
1567	413
1568	413
1569	411
1570	402
1571	412
1572	370
1573	418
1574	428
1575	410
1576	414
1577	387
1578	414
1579	402
1580	391
1581	430
1582	401
1583	387
1584	402
1585	397
1586	408
1587	392
1588	419
1589	399
1590	405
1591	410
1592	374
1593	401
1594	405
1595	394
1596	407
1597	374
1598	399
1599	411
1600	439
1601	374
1602	367
1603	391
1604	384
1605	381
1606	411
1607	395
1608	413
1609	409
1610	394
1611	400
1612	395
1613	380
1614	372
1615	400
1616	379
1617	392
1618	386
1619	409
1620	394
1621	395
1622	377
1623	395
1624	397
1625	406
1626	350
1627	366
1628	391
1629	358
1630	357
1631	337
1632	363
1633	423
1634	392
1635	352
1636	350
1637	353
1638	353
1639	383
1640	397
1641	376
1642	340
1643	382
1644	360
1645	378
1646	391
1647	338
1648	375
1649	360
1650	372
1651	380
1652	361
1653	365
1654	399
1655	392
1656	356
1657	353
1658	369
1659	360
1660	367
1661	341
1662	341
1663	368
1664	369
1665	350
1666	362
1667	342
1668	332
1669	354
1670	395
1671	375
1672	325
1673	356
1674	365
1675	333
1676	368
1677	357
1678	368
1679	366
1680	337
1681	300
1682	371
1683	347
1684	364
1685	367
1686	351
1687	380
1688	378
1689	336
1690	332
1691	335
1692	354
1693	355
1694	361
1695	357
1696	361
1697	376
1698	362
1699	371
1700	362
1701	351
1702	322
1703	323
1704	345
1705	346
1706	344
1707	360
1708	373
1709	334
1710	375
1711	375
1712	340
1713	361
1714	407
1715	347
1716	367
1717	367
1718	367
1719	381
1720	376
1721	393
1722	365
1723	382
1724	332
1725	376
1726	400
1727	349
1728	406
1729	373
1730	380
1731	389
1732	381
1733	354
1734	391
1735	350
1736	365
1737	380
1738	413
1739	434
1740	336
1741	364
1742	410
1743	392
1744	381
1745	375
1746	402
1747	397
1748	383
1749	383
1750	381
1751	421
1752	392
1753	364
1754	370
1755	428
1756	413
1757	404
1758	424
1759	377
1760	403
1761	432
1762	397
1763	366
1764	401
1765	343
1766	361
1767	354
1768	384
1769	359
1770	328
1771	351
1772	339
1773	277
1774	321
1775	307
1776	341
1777	325
1778	305
1779	279
1780	264
1781	277
1782	264
1783	280
1784	287
1785	273
1786	262
1787	284
1788	264
1789	275
1790	252
1791	271
1792	263
1793	257
1794	254
1795	241
1796	251
1797	269
1798	241
1799	269
1800	227
1801	264
1802	246
1803	242
1804	231
1805	233
1806	248
1807	247
1808	239
1809	277
1810	237
1811	227
1812	222
1813	239
1814	233
1815	223
1816	220
1817	210
1818	246
1819	245
1820	224
1821	197
1822	237
1823	243
1824	241
1825	191
1826	232
1827	208
1828	225
1829	232
1830	225
1831	222
1832	231
1833	218
1834	216
1835	225
1836	243
1837	218
1838	220
1839	213
1840	219
1841	198
1842	230
1843	229
1844	222
1845	239
1846	232
1847	252
1848	303
1849	533
1850	1193
1851	2670
1852	5213
1853	8471
1854	11093
1855	12143
1856	11617
1857	9698
1858	7543
1859	5545
1860	3747
1861	2317
1862	1607
1863	1014
1864	725
1865	475
1866	332
1867	259
1868	201
1869	200
1870	179
1871	169
1872	205
1873	194
1874	179
1875	174
1876	166
1877	167
1878	173
1879	153
1880	166
1881	173
1882	173
1883	179
1884	148
1885	165
1886	131
1887	164
1888	172
1889	154
1890	141
1891	126
1892	156
1893	169
1894	141
1895	143
1896	145
1897	141
1898	132
1899	135
1900	148
1901	129
1902	133
1903	147
1904	130
1905	131
1906	130
1907	121
1908	107
1909	137
1910	135
1911	131
1912	104
1913	117
1914	129
1915	116
1916	111
1917	98
1918	106
1919	118
1920	120
1921	115
1922	109
1923	108
1924	91
1925	80
1926	104
1927	96
1928	99
1929	111
1930	95
1931	99
1932	89
1933	97
1934	104
1935	95
1936	90
1937	86
1938	99
1939	83
1940	98
1941	100
1942	81
1943	93
1944	99
1945	69
1946	84
1947	92
1948	89
1949	95
1950	97
1951	102
1952	74
1953	90
1954	88
1955	94
1956	88
1957	75
1958	74
1959	89
1960	84
1961	88
1962	85
1963	86
1964	81
1965	74
1966	82
1967	71
1968	82
1969	74
1970	76
1971	78
1972	91
1973	67
1974	59
1975	82
1976	82
1977	75
1978	69
1979	73
1980	71
1981	64
1982	85
1983	66
1984	64
1985	75
1986	67
1987	68
1988	72
1989	62
1990	68
1991	79
1992	77
1993	61
1994	69
1995	70
1996	63
1997	82
1998	64
1999	91
2000	70
2001	80
2002	56
2003	85
2004	74
2005	68
2006	58
2007	72
2008	63
2009	67
2010	80
2011	81
2012	71
2013	74
2014	78
2015	66
2016	59
2017	75
2018	74
2019	73
2020	81
2021	72
2022	80
2023	75
2024	73
2025	61
2026	70
2027	82
2028	68
2029	70
2030	58
2031	72
2032	72
2033	58
2034	64
2035	74
2036	55
2037	74
2038	77
2039	75
2040	79
2041	64
2042	74
2043	72
2044	51
2045	58
2046	56
2047	60
2048	82
2049	58
2050	74
2051	60
2052	82
2053	83
2054	66
2055	64
2056	63
2057	86
2058	56
2059	66
2060	80
2061	60
2062	65
2063	66
2064	57
2065	81
2066	64
2067	79
2068	69
2069	75
2070	64
2071	70
2072	65
2073	65
2074	75
2075	82
2076	78
2077	64
2078	67
2079	80
2080	87
2081	80
2082	78
2083	70
2084	84
2085	84
2086	93
2087	65
2088	100
2089	71
2090	63
2091	100
2092	94
2093	67
2094	78
2095	97
2096	179
2097	426
2098	1079
2099	2403
2100	4615
2101	7393
2102	9738
2103	10402
2104	10053
2105	8458
2106	6645
2107	4825
2108	3180
2109	2025
2110	1292
2111	854
2112	502
2113	316
2114	161
2115	109
2116	98
2117	72
2118	82
2119	85
2120	63
2121	73
2122	77
2123	70
2124	73
2125	57
2126	65
2127	50
2128	59
2129	57
2130	47
2131	60
2132	55
2133	66
2134	54
2135	54
2136	51
2137	46
2138	59
2139	57
2140	55
2141	42
2142	51
2143	59
2144	50
2145	55
2146	59
2147	50
2148	64
2149	54
2150	45
2151	64
2152	46
2153	43
2154	59
2155	50
2156	58
2157	39
2158	39
2159	37
2160	56
2161	61
2162	34
2163	43
2164	54
2165	45
2166	38
2167	43
2168	49
2169	40
2170	54
2171	35
2172	46
2173	54
2174	38
2175	48
2176	45
2177	53
2178	52
2179	43
2180	49
2181	47
2182	43
2183	51
2184	61
2185	38
2186	51
2187	59
2188	47
2189	54
2190	48
2191	64
2192	42
2193	53
2194	50
2195	40
2196	50
2197	46
2198	40
2199	53
2200	44
2201	35
2202	40
2203	46
2204	48
2205	46
2206	47
2207	43
2208	41
2209	49
2210	57
2211	47
2212	44
2213	62
2214	42
2215	47
2216	41
2217	46
2218	45
2219	55
2220	46
2221	47
2222	48
2223	50
2224	51
2225	47
2226	33
2227	40
2228	32
2229	62
2230	33
2231	49
2232	45
2233	40
2234	42
2235	64
2236	42
2237	44
2238	36
2239	60
2240	52
2241	35
2242	55
2243	47
2244	50
2245	46
2246	52
2247	46
2248	40
2249	45
2250	51
2251	51
2252	46
2253	42
2254	45
2255	39
2256	50
2257	49
2258	50
2259	52
2260	45
2261	55
2262	54
2263	37
2264	49
2265	48
2266	39
2267	35
2268	40
2269	47
2270	45
2271	48
2272	33
2273	41
2274	49
2275	30
2276	43
2277	51
2278	41
2279	38
2280	42
2281	38
2282	47
2283	42
2284	40
2285	40
2286	44
2287	30
2288	50
2289	39
2290	53
2291	46
2292	39
2293	37
2294	49
2295	37
2296	48
2297	48
2298	43
2299	36
2300	43
2301	34
2302	40
2303	45
2304	36
2305	44
2306	46
2307	31
2308	42
2309	51
2310	53
2311	31
2312	48
2313	36
2314	43
2315	46
2316	31
2317	43
2318	42
2319	39
2320	38
2321	42
2322	39
2323	46
2324	39
2325	48
2326	40
2327	38
2328	36
2329	41
2330	42
2331	40
2332	42
2333	46
2334	36
2335	41
2336	41
2337	41
2338	49
2339	44
2340	37
2341	35
2342	31
2343	36
2344	46
2345	38
2346	37
2347	51
2348	42
2349	40
2350	39
2351	45
2352	43
2353	35
2354	38
2355	41
2356	39
2357	47
2358	48
2359	37
2360	42
2361	35
2362	31
2363	34
2364	37
2365	40
2366	46
2367	38
2368	43
2369	43
2370	40
2371	37
2372	28
2373	37
2374	46
2375	40
2376	41
2377	34
2378	42
2379	38
2380	39
2381	36
2382	39
2383	32
2384	44
2385	38
2386	37
2387	33
2388	38
2389	30
2390	38
2391	34
2392	57
2393	49
2394	32
2395	35
2396	45
2397	37
2398	34
2399	31
2400	42
2401	33
2402	46
2403	53
2404	38
2405	42
2406	39
2407	40
2408	35
2409	31
2410	47
2411	45
2412	44
2413	46
2414	38
2415	38
2416	38
2417	34
2418	54
2419	48
2420	30
2421	31
2422	40
2423	44
2424	49
2425	35
2426	31
2427	29
2428	33
2429	49
2430	45
2431	37
2432	46
2433	38
2434	31
2435	38
2436	42
2437	57
2438	38
2439	38
2440	43
2441	42
2442	37
2443	44
2444	45
2445	50
2446	44
2447	32
2448	35
2449	24
2450	42
2451	36
2452	51
2453	45
2454	57
2455	47
2456	36
2457	43
2458	32
2459	30
2460	27
2461	52
2462	39
2463	32
2464	34
2465	39
2466	50
2467	39
2468	37
2469	36
2470	45
2471	41
2472	44
2473	37
2474	37
2475	49
2476	32
2477	40
2478	33
2479	23
2480	35
2481	36
2482	37
2483	36
2484	39
2485	49
2486	35
2487	44
2488	41
2489	46
2490	50
2491	38
2492	29
2493	37
2494	40
2495	28
2496	44
2497	42
2498	47
2499	41
2500	43
2501	47
2502	37
2503	39
2504	48
2505	43
2506	39
2507	32
2508	32
2509	49
2510	42
2511	44
2512	27
2513	45
2514	42
2515	35
2516	36
2517	33
2518	40
2519	30
2520	25
2521	37
2522	34
2523	42
2524	36
2525	33
2526	38
2527	33
2528	29
2529	34
2530	36
2531	43
2532	39
2533	32
2534	36
2535	34
2536	36
2537	38
2538	37
2539	29
2540	35
2541	39
2542	30
2543	40
2544	31
2545	44
2546	25
2547	39
2548	36
2549	35
2550	35
2551	40
2552	38
2553	36
2554	37
2555	40
2556	31
2557	26
2558	38
2559	36
2560	33
2561	42
2562	35
2563	42
2564	38
2565	31
2566	31
2567	42
2568	37
2569	41
2570	34
2571	26
2572	26
2573	32
2574	40
2575	42
2576	20
2577	32
2578	30
2579	28
2580	37
2581	33
2582	34
2583	36
2584	23
2585	35
2586	44
2587	40
2588	38
2589	34
2590	31
2591	39
2592	34
2593	35
2594	41
2595	30
2596	36
2597	39
2598	36
2599	33
2600	46
2601	34
2602	37
2603	36
2604	44
2605	35
2606	41
2607	45
2608	24
2609	34
2610	35
2611	33
2612	44
2613	28
2614	35
2615	37
2616	37
2617	31
2618	27
2619	39
2620	36
2621	42
2622	49
2623	33
2624	31
2625	28
2626	35
2627	38
2628	32
2629	53
2630	38
2631	29
2632	32
2633	36
2634	19
2635	35
2636	30
2637	30
2638	38
2639	34
2640	29
2641	26
2642	29
2643	36
2644	29
2645	31
2646	41
2647	35
2648	28
2649	32
2650	32
2651	26
2652	38
2653	25
2654	33
2655	24
2656	36
2657	29
2658	39
2659	26
2660	34
2661	40
2662	27
2663	46
2664	28
2665	45
2666	47
2667	22
2668	33
2669	28
2670	26
2671	34
2672	37
2673	29
2674	38
2675	26
2676	27
2677	48
2678	19
2679	28
2680	27
2681	33
2682	42
2683	31
2684	31
2685	37
2686	30
2687	23
2688	30
2689	37
2690	28
2691	28
2692	34
2693	43
2694	25
2695	40
2696	27
2697	41
2698	22
2699	26
2700	37
2701	35
2702	31
2703	19
2704	30
2705	29
2706	30
2707	33
2708	42
2709	41
2710	29
2711	32
2712	28
2713	29
2714	35
2715	43
2716	41
2717	26
2718	35
2719	30
2720	30
2721	31
2722	42
2723	41
2724	29
2725	39
2726	30
2727	32
2728	43
2729	33
2730	25
2731	21
2732	42
2733	33
2734	28
2735	32
2736	26
2737	31
2738	22
2739	38
2740	36
2741	29
2742	29
2743	36
2744	32
2745	37
2746	35
2747	34
2748	34
2749	28
2750	25
2751	35
2752	25
2753	35
2754	36
2755	32
2756	29
2757	26
2758	35
2759	25
2760	37
2761	31
2762	32
2763	27
2764	26
2765	29
2766	30
2767	44
2768	35
2769	32
2770	30
2771	32
2772	30
2773	35
2774	33
2775	30
2776	37
2777	46
2778	36
2779	34
2780	29
2781	28
2782	30
2783	24
2784	35
2785	34
2786	28
2787	39
2788	36
2789	42
2790	32
2791	29
2792	31
2793	41
2794	37
2795	34
2796	37
2797	36
2798	41
2799	29
2800	28
2801	26
2802	27
2803	25
2804	32
2805	34
2806	28
2807	28
2808	29
2809	32
2810	30
2811	29
2812	30
2813	26
2814	33
2815	37
2816	31
2817	33
2818	24
2819	29
2820	30
2821	28
2822	25
2823	32
2824	31
2825	39
2826	33
2827	30
2828	19
2829	34
2830	40
2831	14
2832	27
2833	17
2834	32
2835	26
2836	24
2837	34
2838	24
2839	22
2840	32
2841	26
2842	38
2843	20
2844	44
2845	34
2846	35
2847	30
2848	21
2849	28
2850	35
2851	34
2852	35
2853	25
2854	33
2855	24
2856	25
2857	39
2858	38
2859	33
2860	34
2861	43
2862	25
2863	32
2864	48
2865	23
2866	39
2867	32
2868	34
2869	31
2870	32
2871	32
2872	37
2873	32
2874	29
2875	38
2876	33
2877	41
2878	33
2879	44
2880	41
2881	36
2882	35
2883	51
2884	37
2885	39
2886	47
2887	39
2888	31
2889	28
2890	24
2891	32
2892	31
2893	33
2894	32
2895	27
2896	34
2897	27
2898	42
2899	36
2900	35
2901	31
2902	30
2903	40
2904	28
2905	26
2906	25
2907	26
2908	33
2909	27
2910	40
2911	29
2912	30
2913	25
2914	27
2915	31
2916	30
2917	28
2918	30
2919	34
2920	30
2921	26
2922	33
2923	23
2924	37
2925	29
2926	27
2927	26
2928	32
2929	29
2930	24
2931	30
2932	21
2933	32
2934	30
2935	26
2936	34
2937	38
2938	27
2939	31
2940	27
2941	33
2942	22
2943	29
2944	34
2945	15
2946	25
2947	29
2948	31
2949	21
2950	27
2951	32
2952	27
2953	37
2954	33
2955	24
2956	33
2957	31
2958	30
2959	41
2960	32
2961	34
2962	24
2963	28
2964	24
2965	29
2966	34
2967	24
2968	33
2969	35
2970	26
2971	24
2972	29
2973	25
2974	24
2975	21
2976	30
2977	36
2978	33
2979	22
2980	36
2981	29
2982	28
2983	25
2984	28
2985	40
2986	26
2987	30
2988	31
2989	28
2990	35
2991	30
2992	25
2993	29
2994	32
2995	34
2996	42
2997	30
2998	27
2999	23
3000	20
3001	36
3002	31
3003	26
3004	32
3005	25
3006	22
3007	24
3008	28
3009	24
3010	22
3011	30
3012	28
3013	25
3014	33
3015	29
3016	31
3017	31
3018	30
3019	26
3020	35
3021	24
3022	29
3023	33
3024	28
3025	26
3026	29
3027	30
3028	29
3029	27
3030	26
3031	36
3032	31
3033	27
3034	28
3035	39
3036	29
3037	31
3038	28
3039	37
3040	35
3041	37
3042	25
3043	32
3044	30
3045	36
3046	30
3047	25
3048	28
3049	33
3050	18
3051	25
3052	27
3053	35
3054	28
3055	33
3056	29
3057	36
3058	27
3059	33
3060	29
3061	38
3062	32
3063	25
3064	31
3065	33
3066	28
3067	21
3068	36
3069	26
3070	34
3071	22
3072	29
3073	20
3074	19
3075	39
3076	33
3077	34
3078	36
3079	28
3080	31
3081	30
3082	28
3083	32
3084	32
3085	34
3086	23
3087	30
3088	23
3089	24
3090	29
3091	37
3092	32
3093	21
3094	17
3095	32
3096	34
3097	26
3098	21
3099	31
3100	25
3101	33
3102	32
3103	30
3104	29
3105	34
3106	28
3107	32
3108	31
3109	28
3110	35
3111	23
3112	35
3113	32
3114	37
3115	21
3116	32
3117	26
3118	34
3119	23
3120	32
3121	24
3122	31
3123	37
3124	27
3125	48
3126	34
3127	32
3128	36
3129	43
3130	42
3131	36
3132	41
3133	35
3134	39
3135	42
3136	30
3137	25
3138	25
3139	26
3140	30
3141	28
3142	21
3143	24
3144	37
3145	25
3146	30
3147	31
3148	28
3149	32
3150	25
3151	24
3152	31
3153	25
3154	29
3155	34
3156	30
3157	32
3158	33
3159	32
3160	30
3161	32
3162	32
3163	28
3164	34
3165	20
3166	29
3167	24
3168	27
3169	34
3170	34
3171	27
3172	24
3173	15
3174	29
3175	37
3176	26
3177	26
3178	32
3179	30
3180	25
3181	33
3182	28
3183	28
3184	25
3185	23
3186	33
3187	30
3188	28
3189	29
3190	24
3191	26
3192	28
3193	41
3194	26
3195	32
3196	30
3197	21
3198	32
3199	17
3200	33
3201	21
3202	24
3203	26
3204	17
3205	30
3206	27
3207	26
3208	26
3209	21
3210	33
3211	28
3212	26
3213	32
3214	26
3215	25
3216	28
3217	25
3218	26
3219	22
3220	30
3221	33
3222	31
3223	24
3224	25
3225	28
3226	25
3227	28
3228	22
3229	20
3230	29
3231	25
3232	30
3233	26
3234	32
3235	24
3236	33
3237	30
3238	28
3239	31
3240	27
3241	28
3242	24
3243	32
3244	26
3245	26
3246	24
3247	31
3248	33
3249	30
3250	26
3251	29
3252	27
3253	26
3254	15
3255	38
3256	24
3257	29
3258	27
3259	30
3260	24
3261	21
3262	21
3263	31
3264	30
3265	34
3266	26
3267	28
3268	28
3269	30
3270	25
3271	28
3272	19
3273	26
3274	23
3275	17
3276	20
3277	31
3278	18
3279	17
3280	23
3281	29
3282	27
3283	29
3284	23
3285	22
3286	26
3287	22
3288	27
3289	20
3290	23
3291	27
3292	19
3293	23
3294	27
3295	22
3296	19
3297	32
3298	25
3299	18
3300	27
3301	27
3302	28
3303	22
3304	29
3305	28
3306	17
3307	29
3308	25
3309	25
3310	17
3311	25
3312	23
3313	30
3314	23
3315	34
3316	22
3317	24
3318	23
3319	26
3320	19
3321	21
3322	25
3323	23
3324	21
3325	26
3326	24
3327	20
3328	28
3329	23
3330	27
3331	29
3332	19
3333	27
3334	27
3335	21
3336	22
3337	23
3338	24
3339	29
3340	28
3341	30
3342	18
3343	24
3344	20
3345	15
3346	19
3347	20
3348	18
3349	29
3350	17
3351	28
3352	31
3353	23
3354	16
3355	19
3356	31
3357	33
3358	25
3359	33
3360	34
3361	21
3362	29
3363	24
3364	17
3365	17
3366	25
3367	12
3368	19
3369	19
3370	29
3371	26
3372	25
3373	28
3374	29
3375	24
3376	22
3377	30
3378	15
3379	23
3380	27
3381	21
3382	19
3383	35
3384	22
3385	20
3386	26
3387	31
3388	20
3389	22
3390	30
3391	18
3392	24
3393	26
3394	20
3395	15
3396	30
3397	21
3398	26
3399	15
3400	19
3401	33
3402	24
3403	30
3404	22
3405	24
3406	29
3407	21
3408	14
3409	18
3410	25
3411	27
3412	29
3413	26
3414	30
3415	17
3416	27
3417	15
3418	27
3419	23
3420	34
3421	31
3422	29
3423	25
3424	24
3425	27
3426	24
3427	33
3428	29
3429	34
3430	26
3431	18
3432	22
3433	17
3434	28
3435	21
3436	25
3437	23
3438	25
3439	25
3440	30
3441	11
3442	20
3443	26
3444	27
3445	20
3446	27
3447	24
3448	27
3449	26
3450	28
3451	26
3452	23
3453	23
3454	33
3455	36
3456	27
3457	23
3458	22
3459	22
3460	26
3461	24
3462	26
3463	24
3464	22
3465	22
3466	24
3467	23
3468	22
3469	19
3470	28
3471	19
3472	32
3473	28
3474	23
3475	22
3476	24
3477	26
3478	25
3479	19
3480	34
3481	23
3482	23
3483	24
3484	21
3485	26
3486	32
3487	31
3488	22
3489	31
3490	30
3491	31
3492	24
3493	18
3494	30
3495	30
3496	29
3497	19
3498	24
3499	31
3500	21
3501	29
3502	32
3503	22
3504	34
3505	26
3506	33
3507	27
3508	33
3509	28
3510	23
3511	32
3512	20
3513	25
3514	34
3515	27
3516	32
3517	29
3518	25
3519	23
3520	31
3521	28
3522	27
3523	26
3524	22
3525	25
3526	34
3527	22
3528	33
3529	30
3530	20
3531	34
3532	42
3533	25
3534	29
3535	33
3536	37
3537	33
3538	29
3539	36
3540	30
3541	25
3542	37
3543	22
3544	25
3545	42
3546	33
3547	25
3548	28
3549	30
3550	21
3551	27
3552	36
3553	29
3554	34
3555	36
3556	35
3557	34
3558	27
3559	24
3560	33
3561	18
3562	25
3563	33
3564	23
3565	28
3566	34
3567	33
3568	39
3569	23
3570	26
3571	32
3572	35
3573	27
3574	28
3575	34
3576	34
3577	28
3578	25
3579	36
3580	28
3581	33
3582	23
3583	34
3584	29
3585	40
3586	39
3587	35
3588	38
3589	31
3590	40
3591	28
3592	32
3593	27
3594	31
3595	35
3596	38
3597	31
3598	33
3599	31
3600	28
3601	21
3602	34
3603	20
3604	32
3605	22
3606	28
3607	31
3608	18
3609	17
3610	17
3611	23
3612	18
3613	25
3614	23
3615	28
3616	15
3617	25
3618	24
3619	18
3620	17
3621	26
3622	11
3623	22
3624	19
3625	19
3626	13
3627	15
3628	23
3629	18
3630	11
3631	19
3632	21
3633	22
3634	24
3635	16
3636	17
3637	24
3638	28
3639	20
3640	16
3641	17
3642	22
3643	14
3644	18
3645	16
3646	23
3647	14
3648	9
3649	19
3650	17
3651	19
3652	16
3653	16
3654	21
3655	22
3656	22
3657	16
3658	18
3659	17
3660	20
3661	11
3662	17
3663	11
3664	15
3665	17
3666	15
3667	18
3668	13
3669	17
3670	19
3671	18
3672	11
3673	13
3674	16
3675	17
3676	19
3677	20
3678	9
3679	16
3680	22
3681	14
3682	13
3683	19
3684	15
3685	11
3686	17
3687	13
3688	18
3689	15
3690	10
3691	9
3692	11
3693	15
3694	14
3695	7
3696	10
3697	10
3698	13
3699	18
3700	3
3701	9
3702	14
3703	13
3704	13
3705	8
3706	10
3707	14
3708	16
3709	9
3710	12
3711	19
3712	16
3713	18
3714	16
3715	10
3716	11
3717	7
3718	10
3719	8
3720	6
3721	7
3722	10
3723	14
3724	8
3725	13
3726	10
3727	9
3728	7
3729	8
3730	10
3731	10
3732	4
3733	9
3734	9
3735	6
3736	10
3737	7
3738	1
3739	11
3740	8
3741	9
3742	6
3743	4
3744	6
3745	7
3746	6
3747	3
3748	6
3749	7
3750	8
3751	8
3752	2
3753	5
3754	11
3755	4
3756	4
3757	4
3758	7
3759	6
3760	6
3761	2
3762	2
3763	4
3764	4
3765	7
3766	4
3767	4
3768	8
3769	7
3770	8
3771	6
3772	4
3773	4
3774	1
3775	7
3776	8
3777	3
3778	7
3779	2
3780	3
3781	7
3782	8
3783	6
3784	3
3785	3
3786	2
3787	9
3788	6
3789	4
3790	2
3791	2
3792	4
3793	4
3794	3
3795	6
3796	2
3797	4
3798	3
3799	2
3800	3
3801	4
3802	1
3803	3
3804	3
3805	4
3806	5
3807	3
3808	6
3809	2
3810	5
3811	1
3812	5
3813	2
3814	7
3815	6
3816	1
3817	4
3818	5
3819	2
3820	8
3821	4
3822	6
3823	4
3824	3
3825	3
3826	4
3827	3
3828	1
3829	2
3830	5
3831	0
3832	5
3833	6
3834	2
3835	4
3836	2
3837	3
3838	2
3839	4
3840	6
3841	3
3842	3
3843	4
3844	1
3845	3
3846	7
3847	6
3848	2
3849	2
3850	3
3851	2
3852	3
3853	2
3854	6
3855	3
3856	3
3857	6
3858	3
3859	3
3860	2
3861	1
3862	3
3863	3
3864	4
3865	1
3866	6
3867	4
3868	0
3869	4
3870	2
3871	1
3872	3
3873	1
3874	3
3875	4
3876	4
3877	1
3878	3
3879	2
3880	1
3881	2
3882	2
3883	1
3884	4
3885	2
3886	6
3887	4
3888	4
3889	4
3890	5
3891	2
3892	10
3893	6
3894	2
3895	5
3896	1
3897	6
3898	6
3899	3
3900	3
3901	4
3902	1
3903	7
3904	1
3905	2
3906	2
3907	4
3908	9
3909	2
3910	5
3911	4
3912	4
3913	4
3914	5
3915	5
3916	2
3917	7
3918	7
3919	9
3920	23
3921	47
3922	68
3923	96
3924	177
3925	206
3926	310
3927	354
3928	401
3929	402
3930	386
3931	356
3932	259
3933	211
3934	156
3935	110
3936	64
3937	32
3938	26
3939	16
3940	6
3941	6
3942	0
3943	1
3944	1
3945	0
3946	1
3947	0
3948	1
3949	0
3950	3
3951	1
3952	0
3953	1
3954	2
3955	0
3956	0
3957	1
3958	0
3959	1
3960	0
3961	1
3962	1
3963	1
3964	0
3965	1
3966	0
3967	0
3968	0
3969	0
3970	1
3971	0
3972	0
3973	1
3974	1
3975	0
3976	0
3977	0
3978	1
3979	0
3980	0
3981	0
3982	0
3983	0
3984	0
3985	0
3986	1
3987	0
3988	0
3989	0
3990	1
3991	0
3992	0
3993	0
3994	1
3995	1
3996	0
3997	0
3998	0
3999	0
4000	0
4001	0
4002	0
4003	0
4004	1
4005	0
4006	0
4007	0
4008	0
4009	0
4010	0
4011	0
4012	1
4013	1
4014	0
4015	0
4016	0
4017	0
4018	0
4019	0
4020	0
4021	1
4022	0
4023	1
4024	0
4025	1
4026	1
4027	1
4028	0
4029	2
4030	1
4031	0
4032	0
4033	0
4034	0
4035	0
4036	0
4037	0
4038	0
4039	0
4040	0
4041	0
4042	0
4043	0
4044	0
4045	0
4046	0
4047	0
4048	0
4049	0
4050	0
4051	0
4052	0
4053	0
4054	0
4055	0
4056	0
4057	0
4058	0
4059	0
4060	0
4061	0
4062	0
4063	0
4064	0
4065	0
4066	0
4067	0
4068	0
4069	0
4070	0
4071	0
4072	0
4073	0
4074	0
4075	0
4076	0
4077	0
4078	0
4079	0
4080	0
4081	0
4082	0
4083	0
4084	0
4085	0
4086	0
4087	0
4088	0
4089	0
4090	0
4091	0
4092	0
4093	0
4094	0
4095	0
4096	0
