1 3613
2 3482
3 3437
4 3153
5 3002
6 2631
7 2155
8 1913
9 1600
10 1343
11 1061
12 808
13 683
14 589
15 528
16 434
17 387
18 282
19 253
20 149
21 199
22 172
23 152
24 48
25 9
26 43
27 46
28 62
29 23
30 17
31 -5
32 27
33 -17
34 39
35 37
36 13
37 -9
38 5
39 35
40 34
41 19
42 30
43 -47
44 -1
45 -3
46 9
47 56
48 26
49 -5
50 25
51 -3
52 45
53 53
54 19
55 11
56 29
57 52
58 -8
59 52
60 1
61 2
62 3
63 -7
64 5
65 -13
66 21
67 26
68 47
69 27
70 31
71 36
72 -40
73 34
74 -6
75 0
76 -56
77 5
78 -21
79 -3
80 -39
81 -29
82 8
83 10
84 10
85 -21
86 -47
87 -21
88 -11
89 13
90 -21
91 59
92 -4
93 47
94 16
95 66
96 39
97 41
98 14
99 95
100 24
101 30
102 78
103 73
104 67
105 60
106 28
107 52
108 18
109 11
110 30
111 69
112 21
113 49
114 -3
115 26
116 35
117 4
118 3
119 26
120 11
121 -8
122 12
123 9
124 20
125 32
126 25
127 9
128 -28
129 -22
130 8
131 -8
132 3
133 -13
134 7
135 48
136 22
137 0
138 7
139 21
140 31
141 11
142 24
143 31
144 59
145 7
146 -21
147 36
148 18
149 27
150 19
151 23
152 36
153 7
154 39
155 7
156 18
157 11
158 15
159 -30
160 28
161 -16
162 23
163 15
164 -9
165 14
166 -20
167 -28
168 -17
169 9
170 -19
171 -10
172 -4
173 6
174 6
175 -11
176 15
177 15
178 11
179 34
180 22
181 38
182 30
183 24
184 17
185 35
186 21
187 34
188 32
189 22
190 32
191 52
192 19
193 26
194 30
195 23
196 23
197 21
198 22
199 17
200 45
201 35
202 23
203 11
204 24
205 18
206 23
207 12
208 7
209 0
210 9
211 4
212 14
213 9
214 10
215 -13
216 27
217 2
218 14
219 -2
220 -10
221 8
222 9
223 -9
224 -6
225 11
226 -18
227 9
228 22
229 11
230 10
231 4
232 13
233 -1
234 17
235 9
236 11
237 26
238 -2
239 10
240 2
241 23
242 -4
243 5
244 6
245 5
246 4
247 11
248 12
249 -5
250 -3
251 1
252 15
253 17
254 4
255 0
256 0
257 1
258 9
259 -7
260 8
261 3
262 -2
263 -14
264 -5
265 7
266 11
267 1
268 -10
269 -18
270 -6
271 6
272 9
273 9
274 11
275 -15
276 -3
277 32
278 -6
279 2
280 10
281 5
282 0
283 4
284 -13
285 -12
286 -19
287 -13
288 -8
289 -23
290 -9
291 -14
292 7
293 -8
294 4
295 0
296 0
297 -10
298 3
299 -23
300 -7
301 -4
302 -4
303 18
304 2
305 -13
306 14
307 12
308 -1
309 15
310 14
311 3
312 -1
313 6
314 15
315 8
316 16
317 24
318 6
319 -6
320 22
321 -3
322 -6
323 1
324 14
325 -7
326 2
327 18
328 -5
329 11
330 17
331 -7
332 16
333 -5
334 5
335 -19
336 -12
337 9
338 -2
339 9
340 -15
341 3
342 0
343 -4
344 -5
345 -4
346 -15
347 -21
348 -30
349 -8
350 -2
351 -4
352 -11
353 -22
354 -20
355 7
356 -18
357 -2
358 -35
359 -5
360 -24
361 -4
362 -19
363 -17
364 -17
365 -10
366 -12
367 2
368 -29
369 -8
370 -17
371 2
372 -4
373 -16
374 -2
375 5
376 -8
377 14
378 4
379 1
380 5
381 23
382 16
383 4
384 7
385 32
386 26
387 25
388 25
389 21
390 30
391 3
392 13
393 21
394 18
395 40
396 27
397 34
398 32
399 26
400 18
401 31
402 18
403 25
404 21
405 22
406 16
407 15
408 26
409 14
410 23
411 16
412 37
413 14
414 8
415 21
416 14
417 4
418 23
419 4
420 9
421 8
422 7
423 -5
424 26
425 2
426 6
427 4
428 3
429 6
430 1
431 17
432 30
433 11
434 9
435 8
436 -2
437 -3
438 10
439 11
440 3
441 18
442 -8
443 -1
444 7
445 4
446 -1
447 11
448 10
449 4
450 14
451 0
452 0
453 7
454 8
455 10
456 -3
457 2
458 12
459 1
460 -8
461 -1
462 4
463 6
464 6
465 6
466 0
467 -3
468 1
469 3
470 7
471 -17
472 -10
473 -7
474 3
475 0
476 -2
477 7
478 -5
479 0
480 0
481 5
482 -9
483 0
484 7
485 0
486 -1
487 1
488 4
489 -4
490 -11
491 -13
492 -14
493 6
494 -2
495 -1
496 -2
497 -8
498 4
499 1
500 12
501 1
502 -4
503 -3
504 6
505 -2
506 11
507 2
508 7
509 0
510 4
511 15
512 1
513 -9
514 3
515 -18
516 12
517 2
518 13
519 8
520 21
521 6
522 6
523 10
524 21
525 2
526 4
527 -6
528 19
529 12
530 7
531 7
532 -1
533 1
534 4
535 -7
536 5
537 6
538 -2
539 4
540 0
541 -9
542 4
543 16
544 5
545 -3
546 -10
547 -4
548 5
549 6
550 -3
551 7
552 1
553 -4
554 0
555 14
556 5
557 -8
558 -2
559 -4
560 1
561 -3
562 -3
563 9
564 -6
565 12
566 8
567 -14
568 3
569 8
570 -6
571 -4
572 6
573 8
574 0
575 3
576 -10
577 -6
578 -2
579 0
580 1
581 6
582 6
583 0
584 -9
585 0
586 0
587 4
588 -12
589 -4
590 7
591 2
592 -6
593 -11
594 -1
595 -14
596 -13
597 -3
598 -6
599 -5
600 -4
601 -7
602 -11
603 -7
604 3
605 -11
606 -8
607 -10
608 -9
609 -11
610 0
611 -6
612 -5
613 -14
614 1
615 4
616 6
617 -4
618 -6
619 -2
620 -2
621 -2
622 -15
623 3
624 -6
625 -5
626 -5
627 -10
628 7
629 5
630 1
631 -7
632 5
633 -6
634 -4
635 -4
636 -2
637 -5
638 2
639 8
640 2
641 4
642 11
643 -2
644 5
645 4
646 1
647 0
648 -8
649 -5
650 -1
651 7
652 8
653 2
654 18
655 0
656 -1
657 16
658 4
659 12
660 16
661 6
662 7
663 3
664 6
665 10
666 1
667 11
668 9
669 9
670 9
671 14
672 7
673 -5
674 18
675 10
676 17
677 12
678 15
679 5
680 6
681 6
682 6
683 6
684 7
685 16
686 6
687 7
688 8
689 11
690 17
691 7
692 5
693 8
694 9
695 9
696 6
697 4
698 8
699 14
700 2
701 -2
702 2
703 6
704 -2
705 12
706 5
707 1
708 8
709 6
710 8
711 0
712 -9
713 -4
714 5
715 -3
716 11
717 10
718 3
719 2
720 4
721 -3
722 -7
723 -1
724 2
725 -1
726 7
727 4
728 -4
729 0
730 -5
731 5
732 -1
733 -3
734 3
735 -6
736 2
737 6
738 -8
739 4
740 -10
741 -9
742 -17
743 4
744 -4
745 -5
746 -4
747 -3
748 -2
749 -4
750 3
751 -10
752 -8
753 -11
754 1
755 -5
756 -5
757 2
758 -5
759 -9
760 2
761 -3
762 -2
763 -7
764 -2
765 6
766 -2
767 7
768 -7
769 -7
770 -9
771 -2
772 -6
773 -7
774 -5
775 -8
776 0
777 -3
778 -6
779 2
780 -3
781 6
782 8
783 -13
784 -4
785 2
786 4
787 -1
788 -6
789 -6
790 -2
791 6
792 -4
793 -1
794 -2
795 1
796 2
797 -2
798 7
799 4
800 4
801 4
802 13
803 -15
804 10
805 7
806 4
807 1
808 5
809 1
810 3
811 4
812 3
813 5
814 4
815 11
816 2
817 6
818 -3
819 5
820 11
821 2
822 2
823 3
824 0
825 -2
826 -2
827 1
828 11
829 -4
830 4
831 2
832 -2
833 10
834 0
835 -1
836 2
837 9
838 4
839 3
840 8
841 -6
842 -1
843 -5
844 6
845 1
846 6
847 9
848 5
849 2
850 0
851 4
852 6
853 1
854 6
855 -3
856 6
857 3
858 0
859 -4
860 0
861 1
862 -8
863 -2
864 -10
865 6
866 5
867 -1
868 1
869 -6
870 1
871 -1
872 4
873 -4
874 5
875 3
876 6
877 1
878 0
879 -1
880 -1
881 0
882 4
883 5
884 -3
885 -2
886 2
887 7
888 -8
889 -2
890 14
891 10
892 4
893 -1
894 7
895 4
896 2
897 -1
898 0
899 -1
900 6
901 5
902 0
903 2
904 -3
905 5
906 5
907 -3
908 -1
909 7
910 6
911 4
912 2
913 -2
914 -1
915 -2
916 -1
917 -8
918 1
919 2
920 5
921 1
922 4
923 1
924 2
925 1
926 -1
927 6
928 -3
929 -2
930 2
931 0
932 8
933 -6
934 -1
935 7
936 2
937 1
938 9
939 0
940 4
941 1
942 -1
943 -2
944 1
945 -2
946 1
947 5
948 1
949 -1
950 5
951 1
952 -4
953 1
954 -8
955 -6
956 -1
957 -7
958 0
959 -4
960 2
961 0
962 -3
963 1
964 -4
965 -4
966 3
967 -4
968 5
969 -9
970 -4
971 -3
972 -5
973 -2
974 1
975 -6
976 -11
977 -4
978 -10
979 0
980 -1
981 -3
982 -3
983 -7
984 -7
985 -11
986 -2
987 1
988 -3
989 0
990 -1
991 -7
992 -6
993 2
994 -3
995 -12
996 -1
997 3
998 -4
999 -6
1000 -14
1001 -4
1002 -2
1003 -6
1004 -6
1005 -3
1006 -4
1007 -8
1008 -11
1009 -5
1010 -14
1011 -4
1012 -17
1013 -6
1014 -10
1015 -2
1016 -9
1017 1
1018 -6
1019 -6
1020 -5
1021 -4
1022 -9
1023 -12
1024 -11
1025 -15
1026 -6
1027 -5
1028 -4
1029 -7
1030 0
1031 -7
1032 -7
1033 -12
1034 -3
1035 -4
1036 1
1037 -5
1038 -7
1039 -2
1040 -4
1041 2
1042 4
1043 4
1044 -4
1045 -4
1046 4
1047 -1
1048 -9
1049 1
1050 0
1051 4
1052 -2
1053 0
1054 5
1055 -3
1056 1
1057 -5
1058 4
1059 2
1060 -4
1061 6
1062 8
1063 9
1064 1
1065 -5
1066 2
1067 -1
1068 7
1069 6
1070 2
1071 0
1072 11
1073 4
1074 2
1075 5
1076 4
1077 4
1078 5
1079 5
1080 11
1081 9
1082 3
1083 2
1084 8
1085 3
1086 7
1087 3
1088 15
1089 6
1090 12
1091 9
1092 5
1093 3
1094 6
1095 9
1096 8
1097 -1
1098 9
1099 10
1100 8
1101 6
1102 1
1103 3
1104 -2
1105 13
1106 3
1107 4
1108 5
1109 0
1110 7
1111 6
1112 10
1113 9
1114 6
1115 5
1116 -3
1117 2
1118 6
1119 5
1120 9
1121 -4
1122 1
1123 2
1124 0
1125 1
1126 0
1127 6
1128 7
1129 0
1130 -2
1131 5
1132 1
1133 1
1134 8
1135 -2
1136 0
1137 6
1138 3
1139 -7
1140 -1
1141 1
1142 2
1143 -2
1144 2
1145 4
1146 2
1147 2
1148 3
1149 0
1150 -1
1151 -1
1152 1
1153 6
1154 4
1155 2
1156 0
1157 -7
1158 2
1159 3
1160 -3
1161 2
1162 2
1163 -2
1164 -4
1165 3
1166 1
1167 2
1168 6
1169 5
1170 -1
1171 1
1172 -3
1173 4
1174 -4
1175 1
1176 3
1177 6
1178 -3
1179 -2
1180 -1
1181 4
1182 0
1183 -2
1184 4
1185 6
1186 3
1187 -1
1188 2
1189 7
1190 -2
1191 -4
1192 -3
1193 1
1194 -2
1195 -8
1196 -2
1197 0
1198 0
1199 1
1200 3
1201 -4
1202 -1
1203 -4
1204 -2
1205 -1
1206 -3
1207 -3
1208 -7
1209 4
1210 2
1211 3
1212 -3
1213 4
1214 1
1215 -1
1216 0
1217 0
1218 -7
1219 6
1220 1
1221 -5
1222 0
1223 -3
1224 -8
1225 -4
1226 -4
1227 0
1228 -1
1229 -6
1230 3
1231 0
1232 2
1233 -2
1234 1
1235 -1
1236 -2
1237 -1
1238 -6
1239 -3
1240 -1
1241 -1
1242 -4
1243 -1
1244 1
1245 -4
1246 3
1247 -7
1248 2
1249 -1
1250 -1
1251 -3
1252 -1
1253 -4
1254 -4
1255 1
1256 -2
1257 -1
1258 -4
1259 -3
1260 -3
1261 -6
1262 8
1263 -1
1264 1
1265 -3
1266 -3
1267 2
1268 1
1269 0
1270 -2
1271 2
1272 -3
1273 4
1274 3
1275 0
1276 -1
1277 -2
1278 -6
1279 -2
1280 0
1281 -1
1282 -5
1283 -1
1284 4
1285 8
1286 4
1287 3
1288 -2
1289 0
1290 -1
1291 2
1292 -1
1293 -1
1294 -2
1295 -3
1296 -2
1297 2
1298 0
1299 -2
1300 1
1301 4
1302 8
1303 1
1304 4
1305 5
1306 3
1307 2
1308 -3
1309 -2
1310 5
1311 -2
1312 1
1313 1
1314 4
1315 -2
1316 0
1317 -3
1318 0
1319 0
1320 0
1321 2
1322 5
1323 0
1324 1
1325 0
1326 0
1327 1
1328 7
1329 5
1330 3
1331 1
1332 2
1333 7
1334 2
1335 4
1336 2
1337 1
1338 6
1339 -2
1340 -2
1341 -1
1342 1
1343 4
1344 3
1345 4
1346 2
1347 -2
1348 3
1349 0
1350 4
1351 5
1352 3
1353 1
1354 1
1355 0
1356 2
1357 -1
1358 4
1359 4
1360 -2
1361 -1
1362 2
1363 -1
1364 2
1365 0
1366 0
1367 0
1368 0
1369 2
1370 2
1371 3
1372 -1
1373 2
1374 4
1375 -3
1376 1
1377 -1
1378 4
1379 -1
1380 -3
1381 1
1382 4
1383 3
1384 1
1385 2
1386 3
1387 2
1388 2
1389 2
1390 6
1391 -1
1392 1
1393 0
1394 -2
1395 -2
1396 4
1397 -1
1398 0
1399 -3
1400 -2
1401 -2
1402 -1
1403 3
1404 -1
1405 2
1406 -2
1407 -3
1408 0
1409 3
1410 -2
1411 1
1412 2
1413 1
1414 2
1415 4
1416 5
1417 -1
1418 1
1419 -1
1420 1
1421 -3
1422 4
1423 -2
1424 0
1425 -1
1426 2
1427 -1
1428 -1
1429 -2
1430 1
1431 -2
1432 3
1433 1
1434 2
1435 4
1436 0
1437 2
1438 0
1439 3
1440 -1
1441 -2
1442 -2
1443 0
1444 0
1445 -1
1446 1
1447 2
1448 -1
1449 1
1450 -3
1451 -2
1452 -5
1453 0
1454 -3
1455 -2
1456 1
1457 -2
1458 4
1459 2
1460 -1
1461 1
1462 -3
1463 -5
1464 2
1465 3
1466 1
1467 -2
1468 -4
1469 1
1470 1
1471 0
1472 2
1473 2
1474 -2
1475 2
1476 -4
1477 2
1478 -4
1479 0
1480 1
1481 -1
1482 0
1483 0
1484 -4
1485 -2
1486 -4
1487 -5
1488 -3
1489 3
1490 -2
1491 0
1492 -1
1493 -2
1494 -1
1495 0
1496 -3
1497 -1
1498 -2
1499 -5
1500 -4
1501 2
1502 2
1503 1
1504 1
1505 0
1506 -4
1507 -1
1508 2
1509 -3
1510 -1
1511 0
1512 -2
1513 -1
1514 -3
1515 -2
1516 1
1517 -2
1518 -2
1519 -3
1520 -3
1521 -1
1522 -1
1523 1
1524 0
1525 -1
1526 -2
1527 2
1528 -5
1529 -7
1530 0
1531 -4
1532 -3
1533 -3
1534 2
1535 -4
1536 -4
1537 -4
1538 0
1539 1
1540 -1
1541 -3
1542 -1
1543 -2
1544 0
1545 -1
1546 1
1547 3
1548 1
1549 -4
1550 -4
1551 -2
1552 -2
1553 2
1554 -3
1555 0
1556 0
1557 -1
1558 -1
1559 -5
1560 -3
1561 -3
1562 -1
1563 0
1564 0
1565 -3
1566 -1
1567 -2
1568 -1
1569 2
1570 -3
1571 -2
1572 -2
1573 -1
1574 -2
1575 6
1576 -1
1577 -2
1578 -1
1579 -1
1580 1
1581 -6
1582 -1
1583 -4
1584 0
1585 1
1586 4
1587 3
1588 -2
1589 0
1590 2
1591 0
1592 -2
1593 2
1594 -2
1595 1
1596 3
1597 -3
1598 -2
1599 -1
1600 1
1601 5
1602 3
1603 0
1604 0
1605 -3
1606 -3
1607 2
1608 -3
1609 0
1610 0
1611 2
1612 -5
1613 3
1614 1
1615 -1
1616 3
1617 -4
1618 2
1619 1
1620 -3
1621 0
1622 -3
1623 2
1624 -1
1625 2
1626 2
1627 -1
1628 1
1629 4
1630 -4
1631 0
1632 -1
1633 0
1634 -1
1635 3
1636 2
1637 -2
1638 2
1639 5
1640 -1
1641 -1
1642 0
1643 1
1644 1
1645 -3
1646 4
1647 3
1648 2
1649 0
1650 3
1651 2
1652 6
1653 1
1654 2
1655 1
1656 3
1657 -1
1658 3
1659 0
1660 2
1661 -1
1662 -1
1663 7
1664 2
1665 0
1666 2
1667 -3
1668 2
1669 0
1670 4
1671 2
1672 2
1673 1
1674 1
1675 3
1676 1
1677 1
1678 0
1679 0
1680 2
1681 1
1682 2
1683 -1
1684 -2
1685 3
1686 4
1687 0
1688 -1
1689 3
1690 1
1691 0
1692 2
1693 -1
1694 3
1695 1
1696 1
1697 5
1698 1
1699 4
1700 -1
1701 2
1702 0
1703 3
1704 3
1705 -2
1706 0
1707 3
1708 2
1709 0
1710 0
1711 -1
1712 0
1713 2
1714 -2
1715 4
1716 1
1717 1
1718 1
1719 1
1720 0
1721 3
1722 2
1723 0
1724 1
1725 -3
1726 2
1727 2
1728 1
1729 2
1730 3
1731 4
1732 3
1733 0
1734 -1
1735 0
1736 3
1737 3
1738 0
1739 1
1740 -1
1741 -1
1742 1
1743 -2
1744 4
1745 0
1746 2
1747 4
1748 0
1749 4
1750 2
1751 2
1752 0
1753 -2
1754 4
1755 4
1756 -1
1757 3
1758 -1
1759 3
1760 0
1761 0
1762 1
1763 1
1764 0
1765 0
1766 1
1767 0
1768 3
1769 3
1770 3
1771 1
1772 -1
1773 3
1774 1
1775 0
1776 2
1777 -1
1778 -1
1779 2
1780 6
1781 1
1782 2
1783 0
1784 1
1785 -1
1786 1
1787 2
1788 1
1789 4
1790 3
1791 0
1792 1
1793 6
1794 2
1795 1
1796 2
1797 1
1798 0
1799 0
1800 4
1801 0
1802 -1
1803 3
1804 0
1805 1
1806 1
1807 1
1808 1
1809 -1
1810 0
1811 -2
1812 3
1813 -3
1814 -1
1815 0
1816 1
1817 1
1818 1
1819 0
1820 1
1821 2
1822 4
1823 -2
1824 -1
1825 1
1826 -3
1827 0
1828 1
1829 0
1830 -4
1831 0
1832 2
1833 3
1834 -2
1835 -3
1836 1
1837 -1
1838 0
1839 0
1840 1
1841 -1
1842 2
1843 0
1844 2
1845 -2
1846 -1
1847 0
1848 -2
1849 1
1850 -2
1851 -1
1852 -4
1853 -3
1854 2
1855 1
1856 -1
1857 0
1858 0
1859 -2
1860 -3
1861 -1
1862 -5
1863 -6
1864 0
1865 1
1866 -2
1867 0
1868 -4
1869 0
1870 -3
1871 -2
1872 -1
1873 -1
1874 -1
1875 -3
1876 4
1877 -3
1878 -3
1879 0
1880 0
1881 -3
1882 0
1883 -5
1884 -2
1885 -3
1886 0
1887 0
1888 0
1889 -5
1890 -3
1891 -4
1892 -3
1893 -5
1894 -6
1895 -7
1896 -3
1897 -4
1898 -4
1899 -5
1900 -1
1901 -7
1902 -13
1903 -3
1904 -3
1905 -3
1906 -6
1907 -4
1908 -7
1909 -7
1910 -11
1911 -5
1912 -2
1913 -4
1914 -3
1915 0
1916 -3
1917 -2
1918 -6
1919 -5
1920 -3
1921 -4
1922 -4
1923 -3
1924 -8
1925 -11
1926 -6
1927 -7
1928 -4
1929 -1
1930 -3
1931 -3
1932 -2
1933 -4
1934 -2
1935 -2
1936 -3
1937 -2
1938 -4
1939 -2
1940 -3
1941 -5
1942 -1
1943 -2
1944 -8
1945 -3
1946 -3
1947 -4
1948 -5
1949 0
1950 -1
1951 2
1952 -1
1953 0
1954 -1
1955 1
1956 -3
1957 0
1958 -3
1959 -2
1960 1
1961 -7
1962 0
1963 1
1964 -4
1965 1
1966 0
1967 2
1968 -2
1969 1
1970 2
1971 -1
1972 2
1973 0
1974 0
1975 0
1976 0
1977 5
1978 0
1979 1
1980 1
1981 2
1982 0
1983 2
1984 2
1985 1
1986 1
1987 3
1988 0
1989 -4
1990 3
1991 0
1992 4
1993 3
1994 1
1995 3
1996 6
1997 2
1998 1
1999 5
2000 1
2001 3
2002 1
2003 4
2004 7
2005 1
2006 4
2007 2
2008 2
2009 2
2010 4
2011 6
2012 2
2013 9
2014 3
2015 7
2016 0
2017 0
2018 0
2019 0
2020 0
2021 0
2022 0
2023 0
2024 0
2025 0
2026 0
2027 0
2028 0
2029 0
2030 0
2031 0
2032 0
2033 0
2034 0
2035 0
2036 0
2037 0
2038 0
2039 0
2040 0
2041 0
2042 0
2043 0
2044 0
2045 0
2046 0
2047 0
2048 0
2048 0
