1	770
2	795
3	725
4	751
5	770
6	642
7	680
8	690
9	737
10	690
11	669
12	781
13	711
14	681
15	742
16	712
17	749
18	724
19	754
20	656
21	715
22	693
23	701
24	671
25	693
26	740
27	760
28	694
29	696
30	703
31	663
32	724
33	734
34	678
35	688
36	664
37	723
38	706
39	691
40	694
41	735
42	677
43	688
44	705
45	708
46	662
47	678
48	682
49	661
50	721
51	698
52	710
53	693
54	602
55	677
56	715
57	683
58	685
59	627
60	696
61	669
62	659
63	720
64	667
65	688
66	620
67	660
68	690
69	679
70	682
71	632
72	621
73	645
74	684
75	709
76	660
77	671
78	680
79	689
80	610
81	690
82	657
83	635
84	654
85	692
86	684
87	660
88	651
89	698
90	653
91	671
92	617
93	673
94	709
95	672
96	648
97	685
98	670
99	682
100	682
101	691
102	642
103	708
104	660
105	655
106	625
107	696
108	664
109	623
110	621
111	653
112	675
113	645
114	672
115	694
116	614
117	632
118	633
119	661
120	671
121	635
122	659
123	658
124	681
125	659
126	651
127	670
128	675
129	668
130	666
131	669
132	676
133	658
134	662
135	655
136	675
137	651
138	613
139	661
140	640
141	664
142	682
143	608
144	655
145	672
146	624
147	645
148	658
149	662
150	607
151	619
152	646
153	653
154	726
155	627
156	636
157	627
158	632
159	674
160	654
161	627
162	673
163	723
164	659
165	674
166	663
167	685
168	700
169	700
170	695
171	697
172	662
173	677
174	726
175	695
176	744
177	740
178	673
179	721
180	683
181	664
182	724
183	668
184	671
185	659
186	758
187	713
188	729
189	721
190	673
191	765
192	743
193	704
194	714
195	726
196	692
197	722
198	713
199	727
200	669
201	763
202	748
203	702
204	691
205	689
206	702
207	712
208	660
209	721
210	733
211	761
212	701
213	729
214	735
215	739
216	667
217	712
218	732
219	738
220	756
221	720
222	697
223	768
224	747
225	755
226	707
227	733
228	800
229	699
230	679
231	744
232	695
233	716
234	704
235	722
236	700
237	707
238	714
239	697
240	688
241	735
242	706
243	734
244	742
245	745
246	691
247	692
248	704
249	706
250	716
251	695
252	762
253	803
254	908
255	900
256	843
257	739
258	715
259	719
260	750
261	711
262	728
263	748
264	731
265	728
266	733
267	687
268	632
269	662
270	723
271	677
272	712
273	724
274	671
275	648
276	687
277	686
278	663
279	668
280	716
281	689
282	709
283	655
284	687
285	723
286	702
287	698
288	727
289	731
290	651
291	678
292	671
293	700
294	654
295	676
296	718
297	649
298	716
299	678
300	687
301	684
302	635
303	670
304	678
305	636
306	685
307	681
308	706
309	693
310	681
311	657
312	712
313	697
314	638
315	650
316	685
317	675
318	703
319	721
320	646
321	616
322	607
323	650
324	706
325	664
326	658
327	655
328	646
329	666
330	665
331	684
332	653
333	618
334	693
335	640
336	656
337	634
338	646
339	636
340	634
341	677
342	625
343	678
344	679
345	711
346	621
347	616
348	680
349	690
350	626
351	696
352	648
353	670
354	673
355	661
356	681
357	677
358	646
359	677
360	644
361	656
362	634
363	649
364	615
365	650
366	688
367	639
368	632
369	689
370	639
371	625
372	625
373	670
374	609
375	624
376	664
377	653
378	628
379	637
380	672
381	641
382	647
383	566
384	625
385	654
386	604
387	586
388	617
389	629
390	565
391	643
392	645
393	641
394	635
395	663
396	636
397	595
398	628
399	644
400	654
401	621
402	588
403	632
404	579
405	611
406	608
407	634
408	615
409	636
410	610
411	645
412	615
413	578
414	623
415	685
416	624
417	650
418	638
419	640
420	654
421	632
422	613
423	637
424	645
425	629
426	619
427	625
428	660
429	623
430	612
431	604
432	611
433	615
434	635
435	656
436	631
437	582
438	609
439	594
440	592
441	622
442	577
443	581
444	657
445	601
446	605
447	615
448	557
449	588
450	638
451	624
452	626
453	633
454	625
455	616
456	599
457	633
458	603
459	651
460	674
461	632
462	673
463	707
464	718
465	710
466	640
467	634
468	614
469	657
470	612
471	580
472	569
473	642
474	615
475	616
476	626
477	576
478	589
479	598
480	580
481	606
482	611
483	553
484	584
485	622
486	598
487	585
488	622
489	633
490	596
491	585
492	615
493	607
494	568
495	582
496	606
497	561
498	606
499	593
500	600
501	630
502	590
503	642
504	585
505	587
506	616
507	586
508	574
509	580
510	612
511	597
512	593
513	592
514	623
515	575
516	617
517	590
518	608
519	605
520	613
521	603
522	621
523	573
524	573
525	580
526	613
527	619
528	598
529	609
530	599
531	564
532	616
533	609
534	625
535	602
536	579
537	517
538	578
539	579
540	603
541	580
542	587
543	582
544	578
545	647
546	624
547	647
548	565
549	589
550	588
551	596
552	616
553	605
554	576
555	577
556	560
557	531
558	575
559	578
560	588
561	573
562	588
563	607
564	644
565	576
566	573
567	533
568	575
569	577
570	592
571	591
572	585
573	577
574	606
575	539
576	555
577	539
578	570
579	559
580	532
581	601
582	555
583	622
584	620
585	680
586	666
587	642
588	589
589	602
590	554
591	591
592	584
593	559
594	599
595	554
596	616
597	548
598	572
599	544
600	554
601	589
602	526
603	544
604	573
605	562
606	533
607	521
608	564
609	515
610	559
611	545
612	539
613	535
614	530
615	597
616	535
617	593
618	558
619	563
620	537
621	546
622	556
623	575
624	542
625	564
626	568
627	565
628	539
629	592
630	570
631	535
632	579
633	592
634	599
635	568
636	569
637	530
638	584
639	542
640	591
641	563
642	529
643	547
644	572
645	542
646	573
647	559
648	622
649	527
650	569
651	557
652	550
653	568
654	529
655	528
656	563
657	560
658	555
659	536
660	551
661	550
662	580
663	547
664	595
665	546
666	543
667	546
668	540
669	513
670	569
671	572
672	570
673	530
674	516
675	553
676	551
677	545
678	564
679	519
680	553
681	537
682	578
683	522
684	570
685	557
686	561
687	570
688	517
689	501
690	542
691	548
692	573
693	561
694	560
695	565
696	581
697	548
698	538
699	540
700	517
701	562
702	594
703	549
704	563
705	555
706	563
707	538
708	545
709	516
710	536
711	540
712	533
713	506
714	514
715	506
716	517
717	522
718	530
719	560
720	540
721	514
722	592
723	554
724	555
725	552
726	590
727	546
728	527
729	513
730	568
731	562
732	538
733	575
734	565
735	559
736	567
737	535
738	568
739	546
740	528
741	556
742	567
743	558
744	511
745	557
746	519
747	539
748	532
749	554
750	544
751	513
752	534
753	529
754	570
755	565
756	551
757	547
758	512
759	497
760	511
761	507
762	515
763	551
764	543
765	542
766	527
767	553
768	532
769	519
770	511
771	546
772	536
773	523
774	512
775	540
776	489
777	518
778	548
779	535
780	503
781	590
782	549
783	554
784	501
785	518
786	578
787	518
788	519
789	530
790	558
791	507
792	555
793	539
794	539
795	517
796	528
797	513
798	528
799	527
800	537
801	540
802	537
803	555
804	532
805	557
806	506
807	527
808	504
809	539
810	527
811	503
812	570
813	546
814	552
815	515
816	506
817	532
818	531
819	534
820	560
821	538
822	532
823	562
824	528
825	483
826	512
827	532
828	527
829	517
830	523
831	538
832	552
833	531
834	518
835	538
836	513
837	534
838	547
839	518
840	525
841	525
842	519
843	541
844	543
845	534
846	539
847	561
848	542
849	494
850	563
851	515
852	514
853	534
854	579
855	512
856	517
857	548
858	587
859	510
860	530
861	534
862	534
863	518
864	552
865	529
866	552
867	517
868	497
869	545
870	529
871	493
872	555
873	530
874	547
875	544
876	504
877	530
878	532
879	542
880	525
881	557
882	525
883	548
884	516
885	517
886	528
887	523
888	523
889	548
890	532
891	502
892	544
893	509
894	572
895	526
896	509
897	518
898	511
899	519
900	490
901	486
902	515
903	528
904	557
905	546
906	494
907	520
908	565
909	525
910	512
911	512
912	519
913	523
914	537
915	477
916	528
917	514
918	531
919	484
920	478
921	509
922	493
923	511
924	481
925	524
926	538
927	534
928	527
929	513
930	526
931	540
932	521
933	496
934	557
935	495
936	492
937	550
938	509
939	491
940	508
941	490
942	514
943	524
944	510
945	557
946	486
947	522
948	519
949	533
950	545
951	540
952	511
953	517
954	528
955	551
956	541
957	509
958	519
959	505
960	532
961	552
962	492
963	501
964	512
965	495
966	541
967	516
968	556
969	512
970	481
971	516
972	489
973	457
974	487
975	535
976	533
977	490
978	522
979	499
980	528
981	533
982	495
983	564
984	512
985	538
986	523
987	551
988	536
989	543
990	504
991	485
992	535
993	485
994	517
995	488
996	554
997	499
998	524
999	505
1000	550
1001	499
1002	494
1003	520
1004	563
1005	503
1006	538
1007	489
1008	490
1009	524
1010	518
1011	501
1012	560
1013	555
1014	515
1015	527
1016	530
1017	525
1018	543
1019	513
1020	546
1021	508
1022	536
1023	489
1024	558
1025	529
1026	544
1027	544
1028	529
1029	474
1030	500
1031	492
1032	520
1033	474
1034	516
1035	502
1036	499
1037	520
1038	544
1039	515
1040	550
1041	520
1042	519
1043	505
1044	550
1045	551
1046	567
1047	570
1048	544
1049	549
1050	533
1051	540
1052	504
1053	583
1054	498
1055	545
1056	514
1057	529
1058	544
1059	526
1060	519
1061	519
1062	526
1063	528
1064	512
1065	545
1066	551
1067	491
1068	516
1069	511
1070	490
1071	539
1072	509
1073	494
1074	508
1075	478
1076	466
1077	515
1078	532
1079	544
1080	536
1081	529
1082	519
1083	541
1084	463
1085	535
1086	533
1087	498
1088	509
1089	480
1090	551
1091	454
1092	551
1093	491
1094	535
1095	511
1096	524
1097	543
1098	464
1099	535
1100	473
1101	466
1102	536
1103	518
1104	541
1105	516
1106	531
1107	498
1108	505
1109	520
1110	511
1111	536
1112	560
1113	524
1114	497
1115	518
1116	548
1117	558
1118	497
1119	536
1120	574
1121	558
1122	519
1123	482
1124	483
1125	517
1126	561
1127	516
1128	512
1129	533
1130	514
1131	482
1132	548
1133	558
1134	516
1135	514
1136	505
1137	524
1138	525
1139	498
1140	499
1141	500
1142	530
1143	495
1144	571
1145	500
1146	533
1147	527
1148	486
1149	490
1150	510
1151	538
1152	494
1153	491
1154	489
1155	500
1156	520
1157	477
1158	458
1159	487
1160	491
1161	503
1162	530
1163	501
1164	498
1165	520
1166	501
1167	493
1168	491
1169	553
1170	520
1171	498
1172	507
1173	487
1174	516
1175	486
1176	480
1177	495
1178	487
1179	498
1180	538
1181	532
1182	517
1183	507
1184	494
1185	545
1186	523
1187	496
1188	537
1189	520
1190	532
1191	494
1192	477
1193	507
1194	471
1195	496
1196	506
1197	503
1198	530
1199	517
1200	541
1201	494
1202	497
1203	540
1204	518
1205	530
1206	534
1207	537
1208	547
1209	472
1210	516
1211	539
1212	500
1213	545
1214	520
1215	518
1216	516
1217	525
1218	524
1219	491
1220	558
1221	513
1222	481
1223	536
1224	530
1225	489
1226	535
1227	514
1228	520
1229	474
1230	508
1231	530
1232	478
1233	481
1234	519
1235	487
1236	548
1237	539
1238	552
1239	508
1240	551
1241	536
1242	518
1243	503
1244	470
1245	533
1246	552
1247	546
1248	534
1249	499
1250	581
1251	514
1252	518
1253	516
1254	511
1255	496
1256	519
1257	538
1258	591
1259	640
1260	590
1261	607
1262	551
1263	533
1264	498
1265	571
1266	554
1267	487
1268	495
1269	504
1270	513
1271	515
1272	547
1273	512
1274	523
1275	501
1276	544
1277	512
1278	500
1279	584
1280	539
1281	498
1282	549
1283	525
1284	533
1285	473
1286	489
1287	547
1288	543
1289	537
1290	497
1291	510
1292	544
1293	509
1294	481
1295	546
1296	504
1297	539
1298	509
1299	530
1300	562
1301	528
1302	537
1303	515
1304	522
1305	516
1306	543
1307	543
1308	475
1309	513
1310	494
1311	528
1312	484
1313	525
1314	498
1315	485
1316	566
1317	492
1318	493
1319	548
1320	498
1321	535
1322	515
1323	502
1324	525
1325	494
1326	544
1327	549
1328	506
1329	541
1330	520
1331	510
1332	543
1333	542
1334	643
1335	626
1336	641
1337	595
1338	561
1339	542
1340	540
1341	520
1342	512
1343	477
1344	533
1345	539
1346	523
1347	504
1348	517
1349	498
1350	492
1351	530
1352	544
1353	494
1354	567
1355	530
1356	542
1357	513
1358	526
1359	568
1360	513
1361	524
1362	519
1363	528
1364	496
1365	501
1366	528
1367	506
1368	521
1369	544
1370	511
1371	586
1372	491
1373	519
1374	526
1375	566
1376	551
1377	534
1378	507
1379	543
1380	514
1381	502
1382	511
1383	546
1384	529
1385	516
1386	560
1387	476
1388	542
1389	549
1390	538
1391	549
1392	565
1393	489
1394	557
1395	531
1396	555
1397	535
1398	533
1399	535
1400	540
1401	506
1402	506
1403	557
1404	515
1405	545
1406	532
1407	501
1408	544
1409	538
1410	523
1411	557
1412	536
1413	511
1414	555
1415	501
1416	529
1417	499
1418	542
1419	554
1420	524
1421	518
1422	543
1423	549
1424	576
1425	557
1426	528
1427	506
1428	587
1429	526
1430	507
1431	512
1432	550
1433	540
1434	583
1435	548
1436	542
1437	491
1438	515
1439	518
1440	568
1441	542
1442	496
1443	538
1444	520
1445	484
1446	542
1447	523
1448	561
1449	520
1450	556
1451	516
1452	543
1453	570
1454	522
1455	523
1456	525
1457	518
1458	483
1459	514
1460	523
1461	529
1462	485
1463	515
1464	544
1465	541
1466	512
1467	520
1468	512
1469	539
1470	549
1471	583
1472	541
1473	531
1474	494
1475	518
1476	595
1477	530
1478	514
1479	521
1480	523
1481	519
1482	567
1483	523
1484	553
1485	534
1486	571
1487	528
1488	544
1489	536
1490	545
1491	612
1492	538
1493	518
1494	529
1495	543
1496	493
1497	564
1498	532
1499	554
1500	487
1501	574
1502	548
1503	539
1504	553
1505	542
1506	533
1507	559
1508	509
1509	538
1510	551
1511	562
1512	560
1513	548
1514	545
1515	544
1516	530
1517	515
1518	558
1519	569
1520	512
1521	517
1522	550
1523	552
1524	506
1525	532
1526	561
1527	535
1528	503
1529	513
1530	530
1531	555
1532	523
1533	558
1534	541
1535	519
1536	526
1537	543
1538	509
1539	546
1540	543
1541	523
1542	539
1543	523
1544	531
1545	554
1546	500
1547	569
1548	541
1549	532
1550	566
1551	546
1552	573
1553	492
1554	577
1555	535
1556	575
1557	561
1558	569
1559	585
1560	541
1561	527
1562	510
1563	512
1564	575
1565	569
1566	547
1567	554
1568	565
1569	520
1570	586
1571	569
1572	571
1573	565
1574	578
1575	517
1576	563
1577	564
1578	522
1579	572
1580	538
1581	587
1582	519
1583	513
1584	546
1585	559
1586	533
1587	566
1588	523
1589	561
1590	493
1591	562
1592	514
1593	545
1594	568
1595	562
1596	539
1597	535
1598	560
1599	561
1600	515
1601	553
1602	538
1603	561
1604	554
1605	548
1606	581
1607	537
1608	491
1609	530
1610	557
1611	593
1612	545
1613	548
1614	534
1615	496
1616	573
1617	522
1618	545
1619	504
1620	523
1621	569
1622	562
1623	508
1624	545
1625	549
1626	554
1627	601
1628	541
1629	578
1630	563
1631	544
1632	563
1633	534
1634	568
1635	538
1636	556
1637	585
1638	569
1639	525
1640	555
1641	551
1642	564
1643	599
1644	564
1645	579
1646	547
1647	593
1648	560
1649	561
1650	550
1651	550
1652	537
1653	566
1654	600
1655	545
1656	588
1657	573
1658	556
1659	525
1660	572
1661	586
1662	548
1663	570
1664	546
1665	583
1666	532
1667	557
1668	549
1669	550
1670	571
1671	545
1672	579
1673	534
1674	582
1675	572
1676	596
1677	572
1678	592
1679	558
1680	616
1681	585
1682	547
1683	561
1684	546
1685	578
1686	571
1687	570
1688	565
1689	558
1690	553
1691	592
1692	588
1693	574
1694	534
1695	559
1696	586
1697	578
1698	536
1699	524
1700	555
1701	575
1702	548
1703	555
1704	540
1705	560
1706	586
1707	570
1708	542
1709	623
1710	642
1711	574
1712	573
1713	602
1714	599
1715	597
1716	572
1717	572
1718	560
1719	531
1720	580
1721	548
1722	612
1723	581
1724	571
1725	632
1726	569
1727	583
1728	567
1729	633
1730	575
1731	581
1732	616
1733	591
1734	587
1735	567
1736	572
1737	601
1738	583
1739	616
1740	573
1741	581
1742	609
1743	565
1744	616
1745	561
1746	580
1747	593
1748	609
1749	516
1750	585
1751	583
1752	618
1753	558
1754	568
1755	565
1756	544
1757	536
1758	601
1759	592
1760	606
1761	597
1762	643
1763	623
1764	606
1765	612
1766	563
1767	583
1768	523
1769	560
1770	592
1771	574
1772	560
1773	604
1774	589
1775	585
1776	580
1777	628
1778	549
1779	595
1780	622
1781	603
1782	599
1783	586
1784	601
1785	641
1786	551
1787	592
1788	570
1789	562
1790	592
1791	569
1792	613
1793	559
1794	603
1795	605
1796	630
1797	607
1798	561
1799	587
1800	595
1801	589
1802	658
1803	569
1804	609
1805	603
1806	549
1807	603
1808	602
1809	646
1810	596
1811	613
1812	650
1813	606
1814	546
1815	584
1816	586
1817	594
1818	598
1819	571
1820	609
1821	588
1822	609
1823	595
1824	594
1825	592
1826	593
1827	626
1828	596
1829	566
1830	627
1831	624
1832	593
1833	584
1834	572
1835	535
1836	613
1837	591
1838	572
1839	589
1840	639
1841	598
1842	611
1843	612
1844	601
1845	588
1846	651
1847	635
1848	627
1849	608
1850	576
1851	608
1852	621
1853	648
1854	616
1855	625
1856	624
1857	641
1858	586
1859	631
1860	576
1861	626
1862	639
1863	632
1864	667
1865	626
1866	651
1867	678
1868	626
1869	621
1870	593
1871	697
1872	603
1873	620
1874	699
1875	619
1876	643
1877	643
1878	662
1879	621
1880	633
1881	604
1882	620
1883	641
1884	608
1885	649
1886	584
1887	641
1888	586
1889	610
1890	597
1891	607
1892	681
1893	622
1894	593
1895	663
1896	622
1897	659
1898	611
1899	640
1900	601
1901	605
1902	629
1903	608
1904	641
1905	615
1906	625
1907	615
1908	622
1909	634
1910	594
1911	621
1912	644
1913	632
1914	659
1915	590
1916	637
1917	629
1918	639
1919	652
1920	664
1921	680
1922	597
1923	589
1924	630
1925	614
1926	617
1927	658
1928	584
1929	661
1930	673
1931	638
1932	636
1933	617
1934	644
1935	638
1936	635
1937	613
1938	652
1939	647
1940	656
1941	643
1942	605
1943	608
1944	621
1945	664
1946	664
1947	653
1948	674
1949	642
1950	685
1951	679
1952	715
1953	777
1954	789
1955	780
1956	745
1957	716
1958	721
1959	698
1960	736
1961	691
1962	644
1963	642
1964	636
1965	603
1966	640
1967	645
1968	648
1969	665
1970	614
1971	663
1972	655
1973	644
1974	676
1975	647
1976	694
1977	645
1978	679
1979	618
1980	663
1981	647
1982	690
1983	616
1984	701
1985	708
1986	642
1987	668
1988	703
1989	671
1990	665
1991	671
1992	661
1993	689
1994	689
1995	670
1996	698
1997	654
1998	685
1999	721
2000	654
2001	645
2002	668
2003	681
2004	675
2005	663
2006	651
2007	728
2008	666
2009	711
2010	655
2011	702
2012	694
2013	702
2014	667
2015	695
2016	685
2017	720
2018	727
2019	678
2020	666
2021	731
2022	687
2023	701
2024	716
2025	706
2026	653
2027	723
2028	664
2029	680
2030	698
2031	676
2032	716
2033	696
2034	704
2035	709
2036	647
2037	738
2038	713
2039	644
2040	698
2041	639
2042	688
2043	756
2044	689
2045	743
2046	681
2047	674
2048	705
2049	706
2050	717
2051	649
2052	722
2053	670
2054	751
2055	716
2056	685
2057	719
2058	713
2059	785
2060	688
2061	744
2062	698
2063	695
2064	688
2065	715
2066	703
2067	738
2068	702
2069	715
2070	716
2071	725
2072	702
2073	714
2074	692
2075	735
2076	713
2077	707
2078	711
2079	751
2080	730
2081	734
2082	698
2083	710
2084	749
2085	707
2086	707
2087	740
2088	746
2089	697
2090	748
2091	737
2092	738
2093	709
2094	712
2095	772
2096	749
2097	691
2098	709
2099	726
2100	732
2101	744
2102	769
2103	698
2104	724
2105	744
2106	745
2107	736
2108	729
2109	738
2110	694
2111	746
2112	721
2113	737
2114	824
2115	792
2116	730
2117	693
2118	749
2119	730
2120	712
2121	707
2122	752
2123	738
2124	707
2125	753
2126	769
2127	747
2128	735
2129	676
2130	732
2131	736
2132	763
2133	728
2134	749
2135	764
2136	690
2137	733
2138	733
2139	688
2140	732
2141	710
2142	827
2143	737
2144	772
2145	730
2146	770
2147	779
2148	747
2149	735
2150	778
2151	777
2152	762
2153	752
2154	760
2155	763
2156	771
2157	752
2158	765
2159	766
2160	787
2161	829
2162	752
2163	794
2164	774
2165	780
2166	819
2167	758
2168	780
2169	818
2170	823
2171	836
2172	787
2173	790
2174	784
2175	800
2176	826
2177	806
2178	798
2179	788
2180	747
2181	839
2182	763
2183	796
2184	809
2185	809
2186	824
2187	776
2188	776
2189	790
2190	792
2191	762
2192	778
2193	798
2194	800
2195	774
2196	763
2197	766
2198	835
2199	828
2200	804
2201	792
2202	831
2203	800
2204	803
2205	850
2206	851
2207	795
2208	823
2209	846
2210	826
2211	845
2212	853
2213	825
2214	809
2215	848
2216	876
2217	867
2218	893
2219	895
2220	885
2221	865
2222	818
2223	839
2224	858
2225	818
2226	840
2227	843
2228	812
2229	856
2230	824
2231	803
2232	894
2233	795
2234	835
2235	807
2236	809
2237	801
2238	833
2239	823
2240	842
2241	894
2242	892
2243	867
2244	893
2245	906
2246	842
2247	852
2248	893
2249	874
2250	861
2251	872
2252	864
2253	918
2254	836
2255	891
2256	865
2257	814
2258	880
2259	893
2260	861
2261	860
2262	824
2263	858
2264	843
2265	874
2266	884
2267	843
2268	912
2269	920
2270	878
2271	860
2272	882
2273	910
2274	861
2275	894
2276	853
2277	948
2278	903
2279	887
2280	921
2281	881
2282	927
2283	910
2284	893
2285	926
2286	894
2287	893
2288	949
2289	932
2290	867
2291	918
2292	954
2293	877
2294	873
2295	924
2296	899
2297	869
2298	922
2299	899
2300	906
2301	916
2302	884
2303	942
2304	955
2305	871
2306	963
2307	951
2308	916
2309	959
2310	933
2311	965
2312	950
2313	936
2314	969
2315	911
2316	921
2317	958
2318	944
2319	958
2320	959
2321	941
2322	1003
2323	938
2324	947
2325	953
2326	927
2327	932
2328	953
2329	969
2330	882
2331	926
2332	1052
2333	976
2334	966
2335	922
2336	1033
2337	967
2338	950
2339	986
2340	1007
2341	1002
2342	1024
2343	945
2344	1000
2345	964
2346	970
2347	1001
2348	985
2349	978
2350	892
2351	992
2352	969
2353	973
2354	914
2355	956
2356	969
2357	1022
2358	941
2359	988
2360	935
2361	947
2362	944
2363	998
2364	930
2365	1012
2366	860
2367	910
2368	906
2369	899
2370	864
2371	835
2372	867
2373	868
2374	802
2375	905
2376	843
2377	845
2378	779
2379	791
2380	783
2381	817
2382	851
2383	855
2384	794
2385	776
2386	890
2387	798
2388	815
2389	736
2390	734
2391	759
2392	700
2393	748
2394	758
2395	775
2396	736
2397	740
2398	773
2399	783
2400	749
2401	722
2402	745
2403	742
2404	743
2405	740
2406	713
2407	667
2408	733
2409	712
2410	759
2411	746
2412	687
2413	733
2414	729
2415	710
2416	728
2417	744
2418	741
2419	743
2420	708
2421	728
2422	774
2423	755
2424	711
2425	678
2426	697
2427	707
2428	695
2429	731
2430	713
2431	755
2432	719
2433	684
2434	667
2435	702
2436	631
2437	720
2438	690
2439	724
2440	663
2441	683
2442	737
2443	703
2444	748
2445	720
2446	713
2447	712
2448	708
2449	729
2450	718
2451	670
2452	702
2453	739
2454	689
2455	694
2456	682
2457	739
2458	732
2459	692
2460	716
2461	689
2462	699
2463	690
2464	700
2465	726
2466	691
2467	687
2468	724
2469	682
2470	666
2471	657
2472	702
2473	666
2474	737
2475	757
2476	723
2477	730
2478	696
2479	736
2480	693
2481	657
2482	665
2483	678
2484	663
2485	673
2486	687
2487	707
2488	660
2489	690
2490	668
2491	713
2492	665
2493	670
2494	729
2495	645
2496	711
2497	687
2498	641
2499	678
2500	685
2501	663
2502	620
2503	680
2504	656
2505	682
2506	692
2507	689
2508	675
2509	667
2510	638
2511	682
2512	637
2513	665
2514	714
2515	645
2516	654
2517	723
2518	685
2519	639
2520	649
2521	659
2522	670
2523	642
2524	690
2525	671
2526	689
2527	665
2528	686
2529	619
2530	633
2531	697
2532	624
2533	632
2534	692
2535	651
2536	640
2537	670
2538	663
2539	700
2540	669
2541	691
2542	667
2543	606
2544	663
2545	651
2546	714
2547	660
2548	675
2549	667
2550	653
2551	652
2552	653
2553	684
2554	678
2555	651
2556	649
2557	668
2558	629
2559	662
2560	675
2561	638
2562	665
2563	618
2564	634
2565	648
2566	624
2567	622
2568	689
2569	645
2570	660
2571	619
2572	628
2573	607
2574	637
2575	650
2576	675
2577	649
2578	624
2579	626
2580	634
2581	653
2582	640
2583	622
2584	606
2585	677
2586	632
2587	643
2588	637
2589	660
2590	625
2591	622
2592	630
2593	604
2594	615
2595	648
2596	632
2597	596
2598	661
2599	611
2600	557
2601	626
2602	643
2603	638
2604	638
2605	628
2606	584
2607	628
2608	641
2609	625
2610	644
2611	617
2612	613
2613	608
2614	630
2615	629
2616	624
2617	614
2618	604
2619	625
2620	646
2621	623
2622	619
2623	614
2624	580
2625	631
2626	576
2627	563
2628	580
2629	658
2630	567
2631	616
2632	623
2633	608
2634	611
2635	577
2636	643
2637	552
2638	595
2639	632
2640	653
2641	626
2642	589
2643	593
2644	611
2645	591
2646	632
2647	629
2648	619
2649	592
2650	553
2651	612
2652	552
2653	591
2654	603
2655	614
2656	571
2657	638
2658	585
2659	612
2660	667
2661	607
2662	596
2663	592
2664	614
2665	616
2666	612
2667	597
2668	558
2669	607
2670	575
2671	587
2672	581
2673	625
2674	598
2675	621
2676	604
2677	574
2678	582
2679	603
2680	582
2681	613
2682	620
2683	641
2684	590
2685	587
2686	566
2687	632
2688	603
2689	624
2690	624
2691	616
2692	611
2693	660
2694	589
2695	588
2696	652
2697	621
2698	575
2699	609
2700	621
2701	598
2702	632
2703	613
2704	645
2705	580
2706	607
2707	640
2708	616
2709	638
2710	601
2711	623
2712	637
2713	598
2714	613
2715	596
2716	659
2717	622
2718	628
2719	614
2720	630
2721	651
2722	608
2723	610
2724	607
2725	611
2726	597
2727	676
2728	593
2729	560
2730	614
2731	642
2732	640
2733	663
2734	634
2735	635
2736	650
2737	623
2738	612
2739	613
2740	602
2741	602
2742	609
2743	620
2744	616
2745	638
2746	638
2747	655
2748	645
2749	645
2750	644
2751	676
2752	685
2753	645
2754	634
2755	635
2756	652
2757	651
2758	646
2759	591
2760	662
2761	651
2762	677
2763	705
2764	674
2765	657
2766	635
2767	622
2768	703
2769	619
2770	662
2771	634
2772	650
2773	612
2774	677
2775	721
2776	658
2777	665
2778	653
2779	684
2780	638
2781	676
2782	629
2783	674
2784	644
2785	679
2786	617
2787	628
2788	628
2789	665
2790	640
2791	642
2792	619
2793	696
2794	701
2795	684
2796	687
2797	676
2798	699
2799	650
2800	676
2801	645
2802	689
2803	655
2804	660
2805	660
2806	696
2807	664
2808	638
2809	623
2810	658
2811	673
2812	683
2813	625
2814	661
2815	651
2816	594
2817	562
2818	601
2819	611
2820	595
2821	556
2822	545
2823	544
2824	553
2825	515
2826	549
2827	546
2828	516
2829	555
2830	527
2831	508
2832	496
2833	510
2834	495
2835	500
2836	496
2837	470
2838	490
2839	461
2840	460
2841	465
2842	444
2843	488
2844	488
2845	471
2846	478
2847	465
2848	437
2849	406
2850	473
2851	445
2852	467
2853	465
2854	474
2855	425
2856	451
2857	436
2858	449
2859	463
2860	476
2861	441
2862	446
2863	433
2864	431
2865	451
2866	407
2867	410
2868	409
2869	441
2870	425
2871	436
2872	413
2873	414
2874	435
2875	416
2876	399
2877	445
2878	429
2879	393
2880	413
2881	395
2882	407
2883	401
2884	417
2885	404
2886	400
2887	406
2888	411
2889	402
2890	433
2891	380
2892	383
2893	362
2894	379
2895	417
2896	372
2897	422
2898	400
2899	415
2900	451
2901	403
2902	336
2903	385
2904	416
2905	402
2906	394
2907	392
2908	393
2909	375
2910	406
2911	378
2912	392
2913	371
2914	388
2915	403
2916	386
2917	378
2918	413
2919	399
2920	361
2921	374
2922	387
2923	389
2924	389
2925	383
2926	388
2927	403
2928	385
2929	363
2930	376
2931	373
2932	369
2933	404
2934	359
2935	354
2936	394
2937	389
2938	369
2939	366
2940	387
2941	377
2942	380
2943	384
2944	367
2945	390
2946	403
2947	357
2948	365
2949	381
2950	386
2951	375
2952	362
2953	361
2954	376
2955	338
2956	370
2957	371
2958	375
2959	372
2960	380
2961	390
2962	405
2963	404
2964	406
2965	380
2966	356
2967	403
2968	452
2969	490
2970	687
2971	842
2972	1289
2973	1960
2974	3142
2975	5203
2976	8795
2977	14671
2978	23011
2979	32965
2980	40573
2981	42766
2982	37847
2983	26938
2984	16066
2985	7474
2986	3158
2987	1230
2988	638
2989	471
2990	429
2991	399
2992	380
2993	355
2994	330
2995	354
2996	325
2997	360
2998	350
2999	343
3000	329
3001	335
3002	308
3003	298
3004	316
3005	319
3006	319
3007	304
3008	300
3009	297
3010	322
3011	328
3012	317
3013	293
3014	299
3015	303
3016	280
3017	283
3018	306
3019	296
3020	287
3021	284
3022	283
3023	274
3024	291
3025	283
3026	283
3027	296
3028	256
3029	297
3030	254
3031	276
3032	256
3033	266
3034	277
3035	293
3036	276
3037	279
3038	268
3039	308
3040	279
3041	242
3042	280
3043	274
3044	240
3045	228
3046	248
3047	263
3048	240
3049	267
3050	251
3051	268
3052	280
3053	254
3054	242
3055	269
3056	250
3057	223
3058	226
3059	217
3060	259
3061	231
3062	268
3063	252
3064	246
3065	237
3066	244
3067	241
3068	214
3069	252
3070	246
3071	227
3072	240
3073	227
3074	207
3075	213
3076	202
3077	217
3078	211
3079	182
3080	230
3081	212
3082	212
3083	205
3084	219
3085	220
3086	190
3087	205
3088	193
3089	183
3090	183
3091	202
3092	190
3093	224
3094	203
3095	200
3096	188
3097	167
3098	184
3099	189
3100	177
3101	178
3102	189
3103	198
3104	179
3105	177
3106	176
3107	185
3108	177
3109	186
3110	164
3111	182
3112	194
3113	164
3114	169
3115	176
3116	183
3117	180
3118	158
3119	178
3120	176
3121	176
3122	165
3123	188
3124	185
3125	189
3126	165
3127	151
3128	155
3129	147
3130	139
3131	163
3132	191
3133	175
3134	145
3135	172
3136	157
3137	167
3138	156
3139	179
3140	171
3141	155
3142	169
3143	150
3144	143
3145	150
3146	161
3147	149
3148	166
3149	159
3150	165
3151	160
3152	149
3153	146
3154	177
3155	161
3156	150
3157	146
3158	147
3159	141
3160	161
3161	141
3162	158
3163	146
3164	156
3165	130
3166	136
3167	156
3168	154
3169	147
3170	127
3171	159
3172	146
3173	163
3174	130
3175	129
3176	149
3177	136
3178	142
3179	150
3180	146
3181	137
3182	151
3183	152
3184	167
3185	140
3186	151
3187	157
3188	119
3189	125
3190	124
3191	144
3192	155
3193	137
3194	148
3195	135
3196	125
3197	129
3198	115
3199	132
3200	124
3201	138
3202	143
3203	126
3204	131
3205	108
3206	109
3207	118
3208	140
3209	129
3210	132
3211	133
3212	119
3213	127
3214	123
3215	139
3216	147
3217	135
3218	150
3219	122
3220	128
3221	121
3222	123
3223	151
3224	115
3225	118
3226	134
3227	144
3228	127
3229	143
3230	119
3231	114
3232	113
3233	132
3234	114
3235	123
3236	106
3237	127
3238	117
3239	122
3240	137
3241	138
3242	128
3243	145
3244	119
3245	133
3246	126
3247	135
3248	125
3249	110
3250	119
3251	112
3252	108
3253	129
3254	119
3255	117
3256	136
3257	109
3258	114
3259	115
3260	116
3261	129
3262	126
3263	120
3264	141
3265	124
3266	121
3267	90
3268	147
3269	130
3270	118
3271	117
3272	133
3273	125
3274	116
3275	126
3276	124
3277	126
3278	108
3279	113
3280	98
3281	128
3282	129
3283	122
3284	129
3285	123
3286	95
3287	126
3288	93
3289	109
3290	114
3291	119
3292	125
3293	123
3294	98
3295	125
3296	113
3297	129
3298	134
3299	119
3300	123
3301	129
3302	123
3303	103
3304	123
3305	134
3306	111
3307	124
3308	127
3309	125
3310	129
3311	115
3312	112
3313	130
3314	126
3315	134
3316	102
3317	139
3318	113
3319	97
3320	120
3321	125
3322	116
3323	116
3324	107
3325	130
3326	117
3327	113
3328	118
3329	114
3330	120
3331	143
3332	148
3333	106
3334	113
3335	120
3336	121
3337	106
3338	140
3339	104
3340	129
3341	116
3342	130
3343	134
3344	122
3345	106
3346	119
3347	120
3348	101
3349	113
3350	116
3351	111
3352	127
3353	116
3354	117
3355	113
3356	128
3357	123
3358	88
3359	121
3360	112
3361	114
3362	112
3363	116
3364	129
3365	126
3366	103
3367	114
3368	118
3369	125
3370	112
3371	125
3372	105
3373	110
3374	93
3375	126
3376	130
3377	121
3378	113
3379	103
3380	97
3381	119
3382	111
3383	125
3384	106
3385	108
3386	112
3387	122
3388	129
3389	120
3390	130
3391	107
3392	116
3393	129
3394	103
3395	120
3396	109
3397	114
3398	131
3399	113
3400	117
3401	125
3402	117
3403	116
3404	120
3405	138
3406	115
3407	125
3408	112
3409	114
3410	102
3411	135
3412	141
3413	133
3414	113
3415	129
3416	107
3417	124
3418	121
3419	117
3420	129
3421	138
3422	115
3423	131
3424	137
3425	141
3426	125
3427	153
3428	138
3429	156
3430	150
3431	181
3432	199
3433	255
3434	342
3435	485
3436	748
3437	1172
3438	2071
3439	3587
3440	5963
3441	9984
3442	16144
3443	23766
3444	31618
3445	36472
3446	36038
3447	29605
3448	20215
3449	11368
3450	5263
3451	2076
3452	813
3453	351
3454	206
3455	187
3456	205
3457	138
3458	147
3459	138
3460	137
3461	135
3462	128
3463	113
3464	131
3465	118
3466	125
3467	104
3468	129
3469	110
3470	103
3471	122
3472	110
3473	104
3474	113
3475	100
3476	116
3477	117
3478	97
3479	85
3480	103
3481	108
3482	98
3483	96
3484	108
3485	103
3486	112
3487	115
3488	94
3489	104
3490	106
3491	102
3492	99
3493	97
3494	116
3495	98
3496	93
3497	93
3498	89
3499	105
3500	98
3501	102
3502	112
3503	94
3504	96
3505	99
3506	76
3507	93
3508	83
3509	94
3510	87
3511	96
3512	82
3513	109
3514	99
3515	79
3516	88
3517	94
3518	90
3519	78
3520	98
3521	70
3522	93
3523	111
3524	104
3525	90
3526	103
3527	77
3528	77
3529	80
3530	91
3531	92
3532	90
3533	78
3534	82
3535	75
3536	82
3537	85
3538	91
3539	68
3540	79
3541	98
3542	72
3543	82
3544	83
3545	78
3546	81
3547	81
3548	72
3549	70
3550	89
3551	91
3552	87
3553	98
3554	88
3555	75
3556	88
3557	73
3558	84
3559	92
3560	71
3561	85
3562	82
3563	75
3564	68
3565	88
3566	73
3567	76
3568	78
3569	87
3570	79
3571	75
3572	87
3573	95
3574	96
3575	88
3576	91
3577	87
3578	85
3579	87
3580	71
3581	94
3582	90
3583	78
3584	84
3585	85
3586	87
3587	76
3588	83
3589	75
3590	93
3591	74
3592	81
3593	73
3594	71
3595	69
3596	60
3597	80
3598	90
3599	90
3600	91
3601	79
3602	81
3603	74
3604	83
3605	98
3606	70
3607	105
3608	79
3609	69
3610	62
3611	88
3612	89
3613	76
3614	83
3615	83
3616	63
3617	92
3618	79
3619	69
3620	73
3621	67
3622	88
3623	76
3624	83
3625	95
3626	90
3627	70
3628	101
3629	79
3630	72
3631	74
3632	71
3633	78
3634	85
3635	77
3636	75
3637	87
3638	101
3639	109
3640	79
3641	59
3642	77
3643	85
3644	82
3645	78
3646	76
3647	78
3648	0
3649	0
3650	0
3651	0
3652	0
3653	0
3654	0
3655	0
3656	0
3657	0
3658	0
3659	0
3660	0
3661	0
3662	0
3663	0
3664	0
3665	0
3666	0
3667	0
3668	0
3669	0
3670	0
3671	0
3672	0
3673	0
3674	0
3675	0
3676	0
3677	0
3678	0
3679	0
3680	0
3681	0
3682	0
3683	0
3684	0
3685	0
3686	0
3687	0
3688	0
3689	0
3690	0
3691	0
3692	0
3693	0
3694	0
3695	0
3696	0
3697	0
3698	0
3699	0
3700	0
3701	0
3702	0
3703	0
3704	0
3705	0
3706	0
3707	0
3708	0
3709	0
3710	0
3711	0
3712	0
3713	0
3714	0
3715	0
3716	0
3717	0
3718	0
3719	0
3720	0
3721	0
3722	0
3723	0
3724	0
3725	0
3726	0
3727	0
3728	0
3729	0
3730	0
3731	0
3732	0
3733	0
3734	0
3735	0
3736	0
3737	0
3738	0
3739	0
3740	0
3741	0
3742	0
3743	0
3744	0
3745	0
3746	0
3747	0
3748	0
3749	0
3750	0
3751	0
3752	0
3753	0
3754	0
3755	0
3756	0
3757	0
3758	0
3759	0
3760	0
3761	0
3762	0
3763	0
3764	0
3765	0
3766	0
3767	0
3768	0
3769	0
3770	0
3771	0
3772	0
3773	0
3774	0
3775	0
3776	0
3777	0
3778	0
3779	0
3780	0
3781	0
3782	0
3783	0
3784	0
3785	0
3786	0
3787	0
3788	0
3789	0
3790	0
3791	0
3792	0
3793	0
3794	0
3795	0
3796	0
3797	0
3798	0
3799	0
3800	0
3801	0
3802	0
3803	0
3804	0
3805	0
3806	0
3807	0
3808	0
3809	0
3810	0
3811	0
3812	0
3813	0
3814	0
3815	0
3816	0
3817	0
3818	0
3819	0
3820	0
3821	0
3822	0
3823	0
3824	0
3825	0
3826	0
3827	0
3828	0
3829	0
3830	0
3831	0
3832	0
3833	0
3834	0
3835	0
3836	0
3837	0
3838	0
3839	0
3840	0
3841	0
3842	0
3843	0
3844	0
3845	0
3846	0
3847	0
3848	0
3849	0
3850	0
3851	0
3852	0
3853	0
3854	0
3855	0
3856	0
3857	0
3858	0
3859	0
3860	0
3861	0
3862	0
3863	0
3864	0
3865	0
3866	0
3867	0
3868	0
3869	0
3870	0
3871	0
3872	0
3873	0
3874	0
3875	0
3876	0
3877	0
3878	0
3879	0
3880	0
3881	0
3882	0
3883	0
3884	0
3885	0
3886	0
3887	0
3888	0
3889	0
3890	0
3891	0
3892	0
3893	0
3894	0
3895	0
3896	0
3897	0
3898	0
3899	0
3900	0
3901	0
3902	0
3903	0
3904	0
3905	0
3906	0
3907	0
3908	0
3909	0
3910	0
3911	0
3912	0
3913	0
3914	0
3915	0
3916	0
3917	0
3918	0
3919	0
3920	0
3921	0
3922	0
3923	0
3924	0
3925	0
3926	0
3927	0
3928	0
3929	0
3930	0
3931	0
3932	0
3933	0
3934	0
3935	0
3936	0
3937	0
3938	0
3939	0
3940	0
3941	0
3942	0
3943	0
3944	0
3945	0
3946	0
3947	0
3948	0
3949	0
3950	0
3951	0
3952	0
3953	0
3954	0
3955	0
3956	0
3957	0
3958	0
3959	0
3960	0
3961	0
3962	0
3963	0
3964	0
3965	0
3966	0
3967	0
3968	0
3969	0
3970	0
3971	0
3972	0
3973	0
3974	0
3975	0
3976	0
3977	0
3978	0
3979	0
3980	0
3981	0
3982	0
3983	0
3984	0
3985	0
3986	0
3987	0
3988	0
3989	0
3990	0
3991	0
3992	0
3993	0
3994	0
3995	0
3996	0
3997	0
3998	0
3999	0
4000	0
4001	0
4002	0
4003	0
4004	0
4005	0
4006	0
4007	0
4008	0
4009	0
4010	0
4011	0
4012	0
4013	0
4014	0
4015	0
4016	0
4017	0
4018	0
4019	0
4020	0
4021	0
4022	0
4023	0
4024	0
4025	0
4026	0
4027	0
4028	0
4029	0
4030	0
4031	0
4032	0
4033	0
4034	0
4035	0
4036	0
4037	0
4038	0
4039	0
4040	0
4041	0
4042	0
4043	0
4044	0
4045	0
4046	0
4047	0
4048	0
4049	0
4050	0
4051	0
4052	0
4053	0
4054	0
4055	0
4056	0
4057	0
4058	0
4059	0
4060	0
4061	0
4062	0
4063	0
4064	0
4065	0
4066	0
4067	0
4068	0
4069	0
4070	0
4071	0
4072	0
4073	0
4074	0
4075	0
4076	0
4077	0
4078	0
4079	0
4080	0
4081	0
4082	0
4083	0
4084	0
4085	0
4086	0
4087	0
4088	0
4089	0
4090	0
4091	0
4092	0
4093	0
4094	0
4095	0
4096	0
