0.5 0
1 0
1.5 0
2 0
2.5 0
3 0
3.5 0
4 0
4.5 0
5 0
5.5 0
6 0
6.5 0
7 0
7.5 0
8 0
8.5 0
9 0
9.5 0
10 0
10.5 0
11 0
11.5 0
12 0
12.5 0
13 0
13.5 0
14 0
14.5 0
15 0
15.5 0
16 0
16.5 0
17 0
17.5 0
18 0
18.5 0
19 0
19.5 0
20 0
20.5 0
21 0
21.5 0
22 0
22.5 0
23 0
23.5 0
24 0
24.5 0
25 0
25.5 0
26 0
26.5 0
27 0
27.5 0
28 0
28.5 0
29 0
29.5 0
30 1
30.5 286
31 764
31.5 817
32 763
32.5 829
33 887
33.5 805
34 779
34.5 809
35 823
35.5 704
36 747
36.5 794
37 814
37.5 781
38 788
38.5 754
39 755
39.5 788
40 780
40.5 774
41 788
41.5 767
42 801
42.5 777
43 770
43.5 818
44 722
44.5 718
45 724
45.5 809
46 773
46.5 744
47 779
47.5 795
48 773
48.5 779
49 781
49.5 783
50 835
50.5 758
51 755
51.5 767
52 765
52.5 807
53 735
53.5 743
54 771
54.5 764
55 797
55.5 806
56 780
56.5 788
57 819
57.5 797
58 777
58.5 773
59 728
59.5 789
60 781
60.5 738
61 806
61.5 797
62 786
62.5 749
63 817
63.5 785
64 801
64.5 775
65 798
65.5 748
66 784
66.5 778
67 801
67.5 804
68 765
68.5 699
69 770
69.5 778
70 791
70.5 799
71 802
71.5 768
72 830
72.5 819
73 798
73.5 791
74 800
74.5 829
75 815
75.5 797
76 828
76.5 796
77 838
77.5 900
78 882
78.5 868
79 876
79.5 836
80 828
80.5 878
81 904
81.5 937
82 919
82.5 884
83 826
83.5 844
84 889
84.5 841
85 806
85.5 828
86 823
86.5 849
87 849
87.5 807
88 775
88.5 791
89 839
89.5 861
90 753
90.5 769
91 797
91.5 824
92 776
92.5 807
93 801
93.5 842
94 813
94.5 787
95 804
95.5 877
96 876
96.5 854
97 811
97.5 836
98 776
98.5 827
99 810
99.5 788
100 797
100.5 817
101 786
101.5 860
102 831
102.5 775
103 828
103.5 826
104 819
104.5 800
105 753
105.5 810
106 830
106.5 827
107 804
107.5 815
108 845
108.5 809
109 844
109.5 766
110 825
110.5 755
111 771
111.5 819
112 788
112.5 764
113 816
113.5 804
114 815
114.5 796
115 824
115.5 798
116 756
116.5 837
117 784
117.5 808
118 779
118.5 819
119 837
119.5 832
120 822
120.5 785
121 832
121.5 821
122 783
122.5 762
123 762
123.5 767
124 830
124.5 795
125 773
125.5 825
126 804
126.5 843
127 766
127.5 791
128 806
128.5 809
129 831
129.5 811
130 787
130.5 773
131 789
131.5 784
132 802
132.5 792
133 823
133.5 804
134 817
134.5 835
135 800
135.5 793
136 770
136.5 758
137 771
137.5 796
138 811
138.5 788
139 807
139.5 712
140 789
140.5 771
141 766
141.5 795
142 789
142.5 768
143 779
143.5 774
144 765
144.5 807
145 756
145.5 762
146 763
146.5 774
147 747
147.5 824
148 789
148.5 752
149 766
149.5 765
150 700
150.5 745
151 782
151.5 736
152 806
152.5 776
153 808
153.5 749
154 760
154.5 740
155 793
155.5 760
156 751
156.5 744
157 770
157.5 754
158 757
158.5 765
159 798
159.5 802
160 739
160.5 669
161 759
161.5 738
162 805
162.5 743
163 799
163.5 705
164 816
164.5 735
165 805
165.5 744
166 824
166.5 764
167 741
167.5 714
168 796
168.5 749
169 764
169.5 760
170 788
170.5 718
171 709
171.5 779
172 704
172.5 793
173 749
173.5 716
174 749
174.5 769
175 743
175.5 757
176 737
176.5 711
177 783
177.5 727
178 744
178.5 780
179 767
179.5 753
180 762
180.5 749
181 716
181.5 714
182 718
182.5 758
183 726
183.5 733
184 712
184.5 698
185 740
185.5 703
186 720
186.5 733
187 748
187.5 705
188 703
188.5 767
189 751
189.5 723
190 665
190.5 718
191 700
191.5 694
192 716
192.5 721
193 770
193.5 795
194 725
194.5 751
195 770
195.5 642
196 680
196.5 690
197 737
197.5 690
198 669
198.5 781
199 711
199.5 681
200 742
200.5 712
201 749
201.5 724
202 754
202.5 656
203 715
203.5 693
204 701
204.5 671
205 693
205.5 740
206 760
206.5 694
207 696
207.5 703
208 663
208.5 724
209 734
209.5 678
210 688
210.5 664
211 723
211.5 706
212 691
212.5 694
213 735
213.5 677
214 688
214.5 705
215 708
215.5 662
216 678
216.5 682
217 661
217.5 721
218 698
218.5 710
219 693
219.5 602
220 677
220.5 715
221 683
221.5 685
222 627
222.5 696
223 669
223.5 659
224 720
224.5 667
225 688
225.5 620
226 660
226.5 690
227 679
227.5 682
228 632
228.5 621
229 645
229.5 684
230 709
230.5 660
231 671
231.5 680
232 689
232.5 610
233 690
233.5 657
234 635
234.5 654
235 692
235.5 684
236 660
236.5 651
237 698
237.5 653
238 671
238.5 617
239 673
239.5 709
240 672
240.5 648
241 685
241.5 670
242 682
242.5 682
243 691
243.5 642
244 708
244.5 660
245 655
245.5 625
246 696
246.5 664
247 623
247.5 621
248 653
248.5 675
249 645
249.5 672
250 694
250.5 614
251 632
251.5 633
252 661
252.5 671
253 635
253.5 659
254 658
254.5 681
255 659
255.5 651
256 670
256.5 675
257 668
257.5 666
258 669
258.5 676
259 658
259.5 662
260 655
260.5 675
261 651
261.5 613
262 661
262.5 640
263 664
263.5 682
264 608
264.5 655
265 672
265.5 624
266 645
266.5 658
267 662
267.5 607
268 619
268.5 646
269 653
269.5 726
270 627
270.5 636
271 627
271.5 632
272 674
272.5 654
273 627
273.5 673
274 723
274.5 659
275 674
275.5 663
276 685
276.5 700
277 700
277.5 695
278 697
278.5 662
279 677
279.5 726
280 695
280.5 744
281 740
281.5 673
282 721
282.5 683
283 664
283.5 724
284 668
284.5 671
285 659
285.5 758
286 713
286.5 729
287 721
287.5 673
288 765
288.5 743
289 704
289.5 714
290 726
290.5 692
291 722
291.5 713
292 727
292.5 669
293 763
293.5 748
294 702
294.5 691
295 689
295.5 702
296 712
296.5 660
297 721
297.5 733
298 761
298.5 701
299 729
299.5 735
300 739
300.5 667
301 712
301.5 732
302 738
302.5 756
303 720
303.5 697
304 768
304.5 747
305 755
305.5 707
306 733
306.5 800
307 699
307.5 679
308 744
308.5 695
309 716
309.5 704
310 722
310.5 700
311 707
311.5 714
312 697
312.5 688
313 735
313.5 706
314 734
314.5 742
315 745
315.5 691
316 692
316.5 704
317 706
317.5 716
318 695
318.5 762
319 803
319.5 908
320 900
320.5 843
321 739
321.5 715
322 719
322.5 750
323 711
323.5 728
324 748
324.5 731
325 728
325.5 733
326 687
326.5 632
327 662
327.5 723
328 677
328.5 712
329 724
329.5 671
330 648
330.5 687
331 686
331.5 663
332 668
332.5 716
333 689
333.5 709
334 655
334.5 687
335 723
335.5 702
336 698
336.5 727
337 731
337.5 651
338 678
338.5 671
339 700
339.5 654
340 676
340.5 718
341 649
341.5 716
342 678
342.5 687
343 684
343.5 635
344 670
344.5 678
345 636
345.5 685
346 681
346.5 706
347 693
347.5 681
348 657
348.5 712
349 697
349.5 638
350 650
350.5 685
351 675
351.5 703
352 721
352.5 646
353 616
353.5 607
354 650
354.5 706
355 664
355.5 658
356 655
356.5 646
357 666
357.5 665
358 684
358.5 653
359 618
359.5 693
360 640
360.5 656
361 634
361.5 646
362 636
362.5 634
363 677
363.5 625
364 678
364.5 679
365 711
365.5 621
366 616
366.5 680
367 690
367.5 626
368 696
368.5 648
369 670
369.5 673
370 661
370.5 681
371 677
371.5 646
372 677
372.5 644
373 656
373.5 634
374 649
374.5 615
375 650
375.5 688
376 639
376.5 632
377 689
377.5 639
378 625
378.5 625
379 670
379.5 609
380 624
380.5 664
381 653
381.5 628
382 637
382.5 672
383 641
383.5 647
384 566
384.5 625
385 654
385.5 604
386 586
386.5 617
387 629
387.5 565
388 643
388.5 645
389 641
389.5 635
390 663
390.5 636
391 595
391.5 628
392 644
392.5 654
393 621
393.5 588
394 632
394.5 579
395 611
395.5 608
396 634
396.5 615
397 636
397.5 610
398 645
398.5 615
399 578
399.5 623
400 685
400.5 624
401 650
401.5 638
402 640
402.5 654
403 632
403.5 613
404 637
404.5 645
405 629
405.5 619
406 625
406.5 660
407 623
407.5 612
408 604
408.5 611
409 615
409.5 635
410 656
410.5 631
411 582
411.5 609
412 594
412.5 592
413 622
413.5 577
414 581
414.5 657
415 601
415.5 605
416 615
416.5 557
417 588
417.5 638
418 624
418.5 626
419 633
419.5 625
420 616
420.5 599
421 633
421.5 603
422 651
422.5 674
423 632
423.5 673
424 707
424.5 718
425 710
425.5 640
426 634
426.5 614
427 657
427.5 612
428 580
428.5 569
429 642
429.5 615
430 616
430.5 626
431 576
431.5 589
432 598
432.5 580
433 606
433.5 611
434 553
434.5 584
435 622
435.5 598
436 585
436.5 622
437 633
437.5 596
438 585
438.5 615
439 607
439.5 568
440 582
440.5 606
441 561
441.5 606
442 593
442.5 600
443 630
443.5 590
444 642
444.5 585
445 587
445.5 616
446 586
446.5 574
447 580
447.5 612
448 597
448.5 593
449 592
449.5 623
450 575
450.5 617
451 590
451.5 608
452 605
452.5 613
453 603
453.5 621
454 573
454.5 573
455 580
455.5 613
456 619
456.5 598
457 609
457.5 599
458 564
458.5 616
459 609
459.5 625
460 602
460.5 579
461 517
461.5 578
462 579
462.5 603
463 580
463.5 587
464 582
464.5 578
465 647
465.5 624
466 647
466.5 565
467 589
467.5 588
468 596
468.5 616
469 605
469.5 576
470 577
470.5 560
471 531
471.5 575
472 578
472.5 588
473 573
473.5 588
474 607
474.5 644
475 576
475.5 573
476 533
476.5 575
477 577
477.5 592
478 591
478.5 585
479 577
479.5 606
480 539
480.5 555
481 539
481.5 570
482 559
482.5 532
483 601
483.5 555
484 622
484.5 620
485 680
485.5 666
486 642
486.5 589
487 602
487.5 554
488 591
488.5 584
489 559
489.5 599
490 554
490.5 616
491 548
491.5 572
492 544
492.5 554
493 589
493.5 526
494 544
494.5 573
495 562
495.5 533
496 521
496.5 564
497 515
497.5 559
498 545
498.5 539
499 535
499.5 530
500 597
500.5 535
501 593
501.5 558
502 563
502.5 537
503 546
503.5 556
504 575
504.5 542
505 564
505.5 568
506 565
506.5 539
507 592
507.5 570
508 535
508.5 579
509 592
509.5 599
510 568
510.5 569
511 530
511.5 584
512 542
512.5 591
513 563
513.5 529
514 547
514.5 572
515 542
515.5 573
516 559
516.5 622
517 527
517.5 569
518 557
518.5 550
519 568
519.5 529
520 528
520.5 563
521 560
521.5 555
522 536
522.5 551
523 550
523.5 580
524 547
524.5 595
525 546
525.5 543
526 546
526.5 540
527 513
527.5 569
528 572
528.5 570
529 530
529.5 516
530 553
530.5 551
531 545
531.5 564
532 519
532.5 553
533 537
533.5 578
534 522
534.5 570
535 557
535.5 561
536 570
536.5 517
537 501
537.5 542
538 548
538.5 573
539 561
539.5 560
540 565
540.5 581
541 548
541.5 538
542 540
542.5 517
543 562
543.5 594
544 549
544.5 563
545 555
545.5 563
546 538
546.5 545
547 516
547.5 536
548 540
548.5 533
549 506
549.5 514
550 506
550.5 517
551 522
551.5 530
552 560
552.5 540
553 514
553.5 592
554 554
554.5 555
555 552
555.5 590
556 546
556.5 527
557 513
557.5 568
558 562
558.5 538
559 575
559.5 565
560 559
560.5 567
561 535
561.5 568
562 546
562.5 528
563 556
563.5 567
564 558
564.5 511
565 557
565.5 519
566 539
566.5 532
567 554
567.5 544
568 513
568.5 534
569 529
569.5 570
570 565
570.5 551
571 547
571.5 512
572 497
572.5 511
573 507
573.5 515
574 551
574.5 543
575 542
575.5 527
576 553
576.5 532
577 519
577.5 511
578 546
578.5 536
579 523
579.5 512
580 540
580.5 489
581 518
581.5 548
582 535
582.5 503
583 590
583.5 549
584 554
584.5 501
585 518
585.5 578
586 518
586.5 519
587 530
587.5 558
588 507
588.5 555
589 539
589.5 539
590 517
590.5 528
591 513
591.5 528
592 527
592.5 537
593 540
593.5 537
594 555
594.5 532
595 557
595.5 506
596 527
596.5 504
597 539
597.5 527
598 503
598.5 570
599 546
599.5 552
600 515
600.5 506
601 532
601.5 531
602 534
602.5 560
603 538
603.5 532
604 562
604.5 528
605 483
605.5 512
606 532
606.5 527
607 517
607.5 523
608 538
608.5 552
609 531
609.5 518
610 538
610.5 513
611 534
611.5 547
612 518
612.5 525
613 525
613.5 519
614 541
614.5 543
615 534
615.5 539
616 561
616.5 542
617 494
617.5 563
618 515
618.5 514
619 534
619.5 579
620 512
620.5 517
621 548
621.5 587
622 510
622.5 530
623 534
623.5 534
624 518
624.5 552
625 529
625.5 552
626 517
626.5 497
627 545
627.5 529
628 493
628.5 555
629 530
629.5 547
630 544
630.5 504
631 530
631.5 532
632 542
632.5 525
633 557
633.5 525
634 548
634.5 516
635 517
635.5 528
636 523
636.5 523
637 548
637.5 532
638 502
638.5 544
639 509
639.5 572
640 526
640.5 509
641 518
641.5 511
642 519
642.5 490
643 486
643.5 515
644 528
644.5 557
645 546
645.5 494
646 520
646.5 565
647 525
647.5 512
648 512
648.5 519
649 523
649.5 537
650 477
650.5 528
651 514
651.5 531
652 484
652.5 478
653 509
653.5 493
654 511
654.5 481
655 524
655.5 538
656 534
656.5 527
657 513
657.5 526
658 540
658.5 521
659 496
659.5 557
660 495
660.5 492
661 550
661.5 509
662 491
662.5 508
663 490
663.5 514
664 524
664.5 510
665 557
665.5 486
666 522
666.5 519
667 533
667.5 545
668 540
668.5 511
669 517
669.5 528
670 551
670.5 541
671 509
671.5 519
672 505
672.5 532
673 552
673.5 492
674 501
674.5 512
675 495
675.5 541
676 516
676.5 556
677 512
677.5 481
678 516
678.5 489
679 457
679.5 487
680 535
680.5 533
681 490
681.5 522
682 499
682.5 528
683 533
683.5 495
684 564
684.5 512
685 538
685.5 523
686 551
686.5 536
687 543
687.5 504
688 485
688.5 535
689 485
689.5 517
690 488
690.5 554
691 499
691.5 524
692 505
692.5 550
693 499
693.5 494
694 520
694.5 563
695 503
695.5 538
696 489
696.5 490
697 524
697.5 518
698 501
698.5 560
699 555
699.5 515
700 527
700.5 530
701 525
701.5 543
702 513
702.5 546
703 508
703.5 536
704 489
704.5 558
705 529
705.5 544
706 544
706.5 529
707 474
707.5 500
708 492
708.5 520
709 474
709.5 516
710 502
710.5 499
711 520
711.5 544
712 515
712.5 550
713 520
713.5 519
714 505
714.5 550
715 551
715.5 567
716 570
716.5 544
717 549
717.5 533
718 540
718.5 504
719 583
719.5 498
720 545
720.5 514
721 529
721.5 544
722 526
722.5 519
723 519
723.5 526
724 528
724.5 512
725 545
725.5 551
726 491
726.5 516
727 511
727.5 490
728 539
728.5 509
729 494
729.5 508
730 478
730.5 466
731 515
731.5 532
732 544
732.5 536
733 529
733.5 519
734 541
734.5 463
735 535
735.5 533
736 498
736.5 509
737 480
737.5 551
738 454
738.5 551
739 491
739.5 535
740 511
740.5 524
741 543
741.5 464
742 535
742.5 473
743 466
743.5 536
744 518
744.5 541
745 516
745.5 531
746 498
746.5 505
747 520
747.5 511
748 536
748.5 560
749 524
749.5 497
750 518
750.5 548
751 558
751.5 497
752 536
752.5 574
753 558
753.5 519
754 482
754.5 483
755 517
755.5 561
756 516
756.5 512
757 533
757.5 514
758 482
758.5 548
759 558
759.5 516
760 514
760.5 505
761 524
761.5 525
762 498
762.5 499
763 500
763.5 530
764 495
764.5 571
765 500
765.5 533
766 527
766.5 486
767 490
767.5 510
768 538
768.5 494
769 491
769.5 489
770 500
770.5 520
771 477
771.5 458
772 487
772.5 491
773 503
773.5 530
774 501
774.5 498
775 520
775.5 501
776 493
776.5 491
777 553
777.5 520
778 498
778.5 507
779 487
779.5 516
780 486
780.5 480
781 495
781.5 487
782 498
782.5 538
783 532
783.5 517
784 507
784.5 494
785 545
785.5 523
786 496
786.5 537
787 520
787.5 532
788 494
788.5 477
789 507
789.5 471
790 496
790.5 506
791 503
791.5 530
792 517
792.5 541
793 494
793.5 497
794 540
794.5 518
795 530
795.5 534
796 537
796.5 547
797 472
797.5 516
798 539
798.5 500
799 545
799.5 520
800 518
800.5 516
801 525
801.5 524
802 491
802.5 558
803 513
803.5 481
804 536
804.5 530
805 489
805.5 535
806 514
806.5 520
807 474
807.5 508
808 530
808.5 478
809 481
809.5 519
810 487
810.5 548
811 539
811.5 552
812 508
812.5 551
813 536
813.5 518
814 503
814.5 470
815 533
815.5 552
816 546
816.5 534
817 499
817.5 581
818 514
818.5 518
819 516
819.5 511
820 496
820.5 519
821 538
821.5 591
822 640
822.5 590
823 607
823.5 551
824 533
824.5 498
825 571
825.5 554
826 487
826.5 495
827 504
827.5 513
828 515
828.5 547
829 512
829.5 523
830 501
830.5 544
831 512
831.5 500
832 584
832.5 539
833 498
833.5 549
834 525
834.5 533
835 473
835.5 489
836 547
836.5 543
837 537
837.5 497
838 510
838.5 544
839 509
839.5 481
840 546
840.5 504
841 539
841.5 509
842 530
842.5 562
843 528
843.5 537
844 515
844.5 522
845 516
845.5 543
846 543
846.5 475
847 513
847.5 494
848 528
848.5 484
849 525
849.5 498
850 485
850.5 566
851 492
851.5 493
852 548
852.5 498
853 535
853.5 515
854 502
854.5 525
855 494
855.5 544
856 549
856.5 506
857 541
857.5 520
858 510
858.5 543
859 542
859.5 643
860 626
860.5 641
861 595
861.5 561
862 542
862.5 540
863 520
863.5 512
864 477
864.5 533
865 539
865.5 523
866 504
866.5 517
867 498
867.5 492
868 530
868.5 544
869 494
869.5 567
870 530
870.5 542
871 513
871.5 526
872 568
872.5 513
873 524
873.5 519
874 528
874.5 496
875 501
875.5 528
876 506
876.5 521
877 544
877.5 511
878 586
878.5 491
879 519
879.5 526
880 566
880.5 551
881 534
881.5 507
882 543
882.5 514
883 502
883.5 511
884 546
884.5 529
885 516
885.5 560
886 476
886.5 542
887 549
887.5 538
888 549
888.5 565
889 489
889.5 557
890 531
890.5 555
891 535
891.5 533
892 535
892.5 540
893 506
893.5 506
894 557
894.5 515
895 545
895.5 532
896 501
896.5 544
897 538
897.5 523
898 557
898.5 536
899 511
899.5 555
900 501
900.5 529
901 499
901.5 542
902 554
902.5 524
903 518
903.5 543
904 549
904.5 576
905 557
905.5 528
906 506
906.5 587
907 526
907.5 507
908 512
908.5 550
909 540
909.5 583
910 548
910.5 542
911 491
911.5 515
912 518
912.5 568
913 542
913.5 496
914 538
914.5 520
915 484
915.5 542
916 523
916.5 561
917 520
917.5 556
918 516
918.5 543
919 570
919.5 522
920 523
920.5 525
921 518
921.5 483
922 514
922.5 523
923 529
923.5 485
924 515
924.5 544
925 541
925.5 512
926 520
926.5 512
927 539
927.5 549
928 583
928.5 541
929 531
929.5 494
930 518
930.5 595
931 530
931.5 514
932 521
932.5 523
933 519
933.5 567
934 523
934.5 553
935 534
935.5 571
936 528
936.5 544
937 536
937.5 545
938 612
938.5 538
939 518
939.5 529
940 543
940.5 493
941 564
941.5 532
942 554
942.5 487
943 574
943.5 548
944 539
944.5 553
945 542
945.5 533
946 559
946.5 509
947 538
947.5 551
948 562
948.5 560
949 548
949.5 545
950 544
950.5 530
951 515
951.5 558
952 569
952.5 512
953 517
953.5 550
954 552
954.5 506
955 532
955.5 561
956 535
956.5 503
957 513
957.5 530
958 555
958.5 523
959 558
959.5 541
960 519
960.5 526
961 543
961.5 509
962 546
962.5 543
963 523
963.5 539
964 523
964.5 531
965 554
965.5 500
966 569
966.5 541
967 532
967.5 566
968 546
968.5 573
969 492
969.5 577
970 535
970.5 575
971 561
971.5 569
972 585
972.5 541
973 527
973.5 510
974 512
974.5 575
975 569
975.5 547
976 554
976.5 565
977 520
977.5 586
978 569
978.5 571
979 565
979.5 578
980 517
980.5 563
981 564
981.5 522
982 572
982.5 538
983 587
983.5 519
984 513
984.5 546
985 559
985.5 533
986 566
986.5 523
987 561
987.5 493
988 562
988.5 514
989 545
989.5 568
990 562
990.5 539
991 535
991.5 560
992 561
992.5 515
993 553
993.5 538
994 561
994.5 554
995 548
995.5 581
996 537
996.5 491
997 530
997.5 557
998 593
998.5 545
999 548
999.5 534
1000 496
1000.5 573
1001 522
1001.5 545
1002 504
1002.5 523
1003 569
1003.5 562
1004 508
1004.5 545
1005 549
1005.5 554
1006 601
1006.5 541
1007 578
1007.5 563
1008 544
1008.5 563
1009 534
1009.5 568
1010 538
1010.5 556
1011 585
1011.5 569
1012 525
1012.5 555
1013 551
1013.5 564
1014 599
1014.5 564
1015 579
1015.5 547
1016 593
1016.5 560
1017 561
1017.5 550
1018 550
1018.5 537
1019 566
1019.5 600
1020 545
1020.5 588
1021 573
1021.5 556
1022 525
1022.5 572
1023 586
1023.5 548
1024 570
1024.5 546
1025 583
1025.5 532
1026 557
1026.5 549
1027 550
1027.5 571
1028 545
1028.5 579
1029 534
1029.5 582
1030 572
1030.5 596
1031 572
1031.5 592
1032 558
1032.5 616
1033 585
1033.5 547
1034 561
1034.5 546
1035 578
1035.5 571
1036 570
1036.5 565
1037 558
1037.5 553
1038 592
1038.5 588
1039 574
1039.5 534
1040 559
1040.5 586
1041 578
1041.5 536
1042 524
1042.5 555
1043 575
1043.5 548
1044 555
1044.5 540
1045 560
1045.5 586
1046 570
1046.5 542
1047 623
1047.5 642
1048 574
1048.5 573
1049 602
1049.5 599
1050 597
1050.5 572
1051 572
1051.5 560
1052 531
1052.5 580
1053 548
1053.5 612
1054 581
1054.5 571
1055 632
1055.5 569
1056 583
1056.5 567
1057 633
1057.5 575
1058 581
1058.5 616
1059 591
1059.5 587
1060 567
1060.5 572
1061 601
1061.5 583
1062 616
1062.5 573
1063 581
1063.5 609
1064 565
1064.5 616
1065 561
1065.5 580
1066 593
1066.5 609
1067 516
1067.5 585
1068 583
1068.5 618
1069 558
1069.5 568
1070 565
1070.5 544
1071 536
1071.5 601
1072 592
1072.5 606
1073 597
1073.5 643
1074 623
1074.5 606
1075 612
1075.5 563
1076 583
1076.5 523
1077 560
1077.5 592
1078 574
1078.5 560
1079 604
1079.5 589
1080 585
1080.5 580
1081 628
1081.5 549
1082 595
1082.5 622
1083 603
1083.5 599
1084 586
1084.5 601
1085 641
1085.5 551
1086 592
1086.5 570
1087 562
1087.5 592
1088 569
1088.5 613
1089 559
1089.5 603
1090 605
1090.5 630
1091 607
1091.5 561
1092 587
1092.5 595
1093 589
1093.5 658
1094 569
1094.5 609
1095 603
1095.5 549
1096 603
1096.5 602
1097 646
1097.5 596
1098 613
1098.5 650
1099 606
1099.5 546
1100 584
1100.5 586
1101 594
1101.5 598
1102 571
1102.5 609
1103 588
1103.5 609
1104 595
1104.5 594
1105 592
1105.5 593
1106 626
1106.5 596
1107 566
1107.5 627
1108 624
1108.5 593
1109 584
1109.5 572
1110 535
1110.5 613
1111 591
1111.5 572
1112 589
1112.5 639
1113 598
1113.5 611
1114 612
1114.5 601
1115 588
1115.5 651
1116 635
1116.5 627
1117 608
1117.5 576
1118 608
1118.5 621
1119 648
1119.5 616
1120 625
1120.5 624
1121 641
1121.5 586
1122 631
1122.5 576
1123 626
1123.5 639
1124 632
1124.5 667
1125 626
1125.5 651
1126 678
1126.5 626
1127 621
1127.5 593
1128 697
1128.5 603
1129 620
1129.5 699
1130 619
1130.5 643
1131 643
1131.5 662
1132 621
1132.5 633
1133 604
1133.5 620
1134 641
1134.5 608
1135 649
1135.5 584
1136 641
1136.5 586
1137 610
1137.5 597
1138 607
1138.5 681
1139 622
1139.5 593
1140 663
1140.5 622
1141 659
1141.5 611
1142 640
1142.5 601
1143 605
1143.5 629
1144 608
1144.5 641
1145 615
1145.5 625
1146 615
1146.5 622
1147 634
1147.5 594
1148 621
1148.5 644
1149 632
1149.5 659
1150 590
1150.5 637
1151 629
1151.5 639
1152 652
1152.5 664
1153 680
1153.5 597
1154 589
1154.5 630
1155 614
1155.5 617
1156 658
1156.5 584
1157 661
1157.5 673
1158 638
1158.5 636
1159 617
1159.5 644
1160 638
1160.5 635
1161 613
1161.5 652
1162 647
1162.5 656
1163 643
1163.5 605
1164 608
1164.5 621
1165 664
1165.5 664
1166 653
1166.5 674
1167 642
1167.5 685
1168 679
1168.5 715
1169 777
1169.5 789
1170 780
1170.5 745
1171 716
1171.5 721
1172 698
1172.5 736
1173 691
1173.5 644
1174 642
1174.5 636
1175 603
1175.5 640
1176 645
1176.5 648
1177 665
1177.5 614
1178 663
1178.5 655
1179 644
1179.5 676
1180 647
1180.5 694
1181 645
1181.5 679
1182 618
1182.5 663
1183 647
1183.5 690
1184 616
1184.5 701
1185 708
1185.5 642
1186 668
1186.5 703
1187 671
1187.5 665
1188 671
1188.5 661
1189 689
1189.5 689
1190 670
1190.5 698
1191 654
1191.5 685
1192 721
1192.5 654
1193 645
1193.5 668
1194 681
1194.5 675
1195 663
1195.5 651
1196 728
1196.5 666
1197 711
1197.5 655
1198 702
1198.5 694
1199 702
1199.5 667
1200 695
1200.5 685
1201 720
1201.5 727
1202 678
1202.5 666
1203 731
1203.5 687
1204 701
1204.5 716
1205 706
1205.5 653
1206 723
1206.5 664
1207 680
1207.5 698
1208 676
1208.5 716
1209 696
1209.5 704
1210 709
1210.5 647
1211 738
1211.5 713
1212 644
1212.5 698
1213 639
1213.5 688
1214 756
1214.5 689
1215 743
1215.5 681
1216 674
1216.5 705
1217 706
1217.5 717
1218 649
1218.5 722
1219 670
1219.5 751
1220 716
1220.5 685
1221 719
1221.5 713
1222 785
1222.5 688
1223 744
1223.5 698
1224 695
1224.5 688
1225 715
1225.5 703
1226 738
1226.5 702
1227 715
1227.5 716
1228 725
1228.5 702
1229 714
1229.5 692
1230 735
1230.5 713
1231 707
1231.5 711
1232 751
1232.5 730
1233 734
1233.5 698
1234 710
1234.5 749
1235 707
1235.5 707
1236 740
1236.5 746
1237 697
1237.5 748
1238 737
1238.5 738
1239 709
1239.5 712
1240 772
1240.5 749
1241 691
1241.5 709
1242 726
1242.5 732
1243 744
1243.5 769
1244 698
1244.5 724
1245 744
1245.5 745
1246 736
1246.5 729
1247 738
1247.5 694
1248 746
1248.5 721
1249 737
1249.5 824
1250 792
1250.5 730
1251 693
1251.5 749
1252 730
1252.5 712
1253 707
1253.5 752
1254 738
1254.5 707
1255 753
1255.5 769
1256 747
1256.5 735
1257 676
1257.5 732
1258 736
1258.5 763
1259 728
1259.5 749
1260 764
1260.5 690
1261 733
1261.5 733
1262 688
1262.5 732
1263 710
1263.5 827
1264 737
1264.5 772
1265 730
1265.5 770
1266 779
1266.5 747
1267 735
1267.5 778
1268 777
1268.5 762
1269 752
1269.5 760
1270 763
1270.5 771
1271 752
1271.5 765
1272 766
1272.5 787
1273 829
1273.5 752
1274 794
1274.5 774
1275 780
1275.5 819
1276 758
1276.5 780
1277 818
1277.5 823
1278 836
1278.5 787
1279 790
1279.5 784
1280 800
1280.5 826
1281 806
1281.5 798
1282 788
1282.5 747
1283 839
1283.5 763
1284 796
1284.5 809
1285 809
1285.5 824
1286 776
1286.5 776
1287 790
1287.5 792
1288 762
1288.5 778
1289 798
1289.5 800
1290 774
1290.5 763
1291 766
1291.5 835
1292 828
1292.5 804
1293 792
1293.5 831
1294 800
1294.5 803
1295 850
1295.5 851
1296 795
1296.5 823
1297 846
1297.5 826
1298 845
1298.5 853
1299 825
1299.5 809
1300 848
1300.5 876
1301 867
1301.5 893
1302 895
1302.5 885
1303 865
1303.5 818
1304 839
1304.5 858
1305 818
1305.5 840
1306 843
1306.5 812
1307 856
1307.5 824
1308 803
1308.5 894
1309 795
1309.5 835
1310 807
1310.5 809
1311 801
1311.5 833
1312 823
1312.5 842
1313 894
1313.5 892
1314 867
1314.5 893
1315 906
1315.5 842
1316 852
1316.5 893
1317 874
1317.5 861
1318 872
1318.5 864
1319 918
1319.5 836
1320 891
1320.5 865
1321 814
1321.5 880
1322 893
1322.5 861
1323 860
1323.5 824
1324 858
1324.5 843
1325 874
1325.5 884
1326 843
1326.5 912
1327 920
1327.5 878
1328 860
1328.5 882
1329 910
1329.5 861
1330 894
1330.5 853
1331 948
1331.5 903
1332 887
1332.5 921
1333 881
1333.5 927
1334 910
1334.5 893
1335 926
1335.5 894
1336 893
1336.5 949
1337 932
1337.5 867
1338 918
1338.5 954
1339 877
1339.5 873
1340 924
1340.5 899
1341 869
1341.5 922
1342 899
1342.5 906
1343 916
1343.5 884
1344 942
1344.5 955
1345 871
1345.5 963
1346 951
1346.5 916
1347 959
1347.5 933
1348 965
1348.5 950
1349 936
1349.5 969
1350 911
1350.5 921
1351 958
1351.5 944
1352 958
1352.5 959
1353 941
1353.5 1003
1354 938
1354.5 947
1355 953
1355.5 927
1356 932
1356.5 953
1357 969
1357.5 882
1358 926
1358.5 1052
1359 976
1359.5 966
1360 922
1360.5 1033
1361 967
1361.5 950
1362 986
1362.5 1007
1363 1002
1363.5 1024
1364 945
1364.5 1000
1365 964
1365.5 970
1366 1001
1366.5 985
1367 978
1367.5 892
1368 992
1368.5 969
1369 973
1369.5 914
1370 956
1370.5 969
1371 1022
1371.5 941
1372 988
1372.5 935
1373 947
1373.5 944
1374 998
1374.5 930
1375 1012
1375.5 860
1376 910
1376.5 906
1377 899
1377.5 864
1378 835
1378.5 867
1379 868
1379.5 802
1380 905
1380.5 843
1381 845
1381.5 779
1382 791
1382.5 783
1383 817
1383.5 851
1384 855
1384.5 794
1385 776
1385.5 890
1386 798
1386.5 815
1387 736
1387.5 734
1388 759
1388.5 700
1389 748
1389.5 758
1390 775
1390.5 736
1391 740
1391.5 773
1392 783
1392.5 749
1393 722
1393.5 745
1394 742
1394.5 743
1395 740
1395.5 713
1396 667
1396.5 733
1397 712
1397.5 759
1398 746
1398.5 687
1399 733
1399.5 729
1400 710
1400.5 728
1401 744
1401.5 741
1402 743
1402.5 708
1403 728
1403.5 774
1404 755
1404.5 711
1405 678
1405.5 697
1406 707
1406.5 695
1407 731
1407.5 713
1408 755
1408.5 719
1409 684
1409.5 667
1410 702
1410.5 631
1411 720
1411.5 690
1412 724
1412.5 663
1413 683
1413.5 737
1414 703
1414.5 748
1415 720
1415.5 713
1416 712
1416.5 708
1417 729
1417.5 718
1418 670
1418.5 702
1419 739
1419.5 689
1420 694
1420.5 682
1421 739
1421.5 732
1422 692
1422.5 716
1423 689
1423.5 699
1424 690
1424.5 700
1425 726
1425.5 691
1426 687
1426.5 724
1427 682
1427.5 666
1428 657
1428.5 702
1429 666
1429.5 737
1430 757
1430.5 723
1431 730
1431.5 696
1432 736
1432.5 693
1433 657
1433.5 665
1434 678
1434.5 663
1435 673
1435.5 687
1436 707
1436.5 660
1437 690
1437.5 668
1438 713
1438.5 665
1439 670
1439.5 729
1440 645
1440.5 711
1441 687
1441.5 641
1442 678
1442.5 685
1443 663
1443.5 620
1444 680
1444.5 656
1445 682
1445.5 692
1446 689
1446.5 675
1447 667
1447.5 638
1448 682
1448.5 637
1449 665
1449.5 714
1450 645
1450.5 654
1451 723
1451.5 685
1452 639
1452.5 649
1453 659
1453.5 670
1454 642
1454.5 690
1455 671
1455.5 689
1456 665
1456.5 686
1457 619
1457.5 633
1458 697
1458.5 624
1459 632
1459.5 692
1460 651
1460.5 640
1461 670
1461.5 663
1462 700
1462.5 669
1463 691
1463.5 667
1464 606
1464.5 663
1465 651
1465.5 714
1466 660
1466.5 675
1467 667
1467.5 653
1468 652
1468.5 653
1469 684
1469.5 678
1470 651
1470.5 649
1471 668
1471.5 629
1472 662
1472.5 675
1473 638
1473.5 665
1474 618
1474.5 634
1475 648
1475.5 624
1476 622
1476.5 689
1477 645
1477.5 660
1478 619
1478.5 628
1479 607
1479.5 637
1480 650
1480.5 675
1481 649
1481.5 624
1482 626
1482.5 634
1483 653
1483.5 640
1484 622
1484.5 606
1485 677
1485.5 632
1486 643
1486.5 637
1487 660
1487.5 625
1488 622
1488.5 630
1489 604
1489.5 615
1490 648
1490.5 632
1491 596
1491.5 661
1492 611
1492.5 557
1493 626
1493.5 643
1494 638
1494.5 638
1495 628
1495.5 584
1496 628
1496.5 641
1497 625
1497.5 644
1498 617
1498.5 613
1499 608
1499.5 630
1500 629
1500.5 624
1501 614
1501.5 604
1502 625
1502.5 646
1503 623
1503.5 619
1504 614
1504.5 580
1505 631
1505.5 576
1506 563
1506.5 580
1507 658
1507.5 567
1508 616
1508.5 623
1509 608
1509.5 611
1510 577
1510.5 643
1511 552
1511.5 595
1512 632
1512.5 653
1513 626
1513.5 589
1514 593
1514.5 611
1515 591
1515.5 632
1516 629
1516.5 619
1517 592
1517.5 553
1518 612
1518.5 552
1519 591
1519.5 603
1520 614
1520.5 571
1521 638
1521.5 585
1522 612
1522.5 667
1523 607
1523.5 596
1524 592
1524.5 614
1525 616
1525.5 612
1526 597
1526.5 558
1527 607
1527.5 575
1528 587
1528.5 581
1529 625
1529.5 598
1530 621
1530.5 604
1531 574
1531.5 582
1532 603
1532.5 582
1533 613
1533.5 620
1534 641
1534.5 590
1535 587
1535.5 566
1536 632
1536.5 603
1537 624
1537.5 624
1538 616
1538.5 611
1539 660
1539.5 589
1540 588
1540.5 652
1541 621
1541.5 575
1542 609
1542.5 621
1543 598
1543.5 632
1544 613
1544.5 645
1545 580
1545.5 607
1546 640
1546.5 616
1547 638
1547.5 601
1548 623
1548.5 637
1549 598
1549.5 613
1550 596
1550.5 659
1551 622
1551.5 628
1552 614
1552.5 630
1553 651
1553.5 608
1554 610
1554.5 607
1555 611
1555.5 597
1556 676
1556.5 593
1557 560
1557.5 614
1558 642
1558.5 640
1559 663
1559.5 634
1560 635
1560.5 650
1561 623
1561.5 612
1562 613
1562.5 602
1563 602
1563.5 609
1564 620
1564.5 616
1565 638
1565.5 638
1566 655
1566.5 645
1567 645
1567.5 644
1568 676
1568.5 685
1569 645
1569.5 634
1570 635
1570.5 652
1571 651
1571.5 646
1572 591
1572.5 662
1573 651
1573.5 677
1574 705
1574.5 674
1575 657
1575.5 635
1576 622
1576.5 703
1577 619
1577.5 662
1578 634
1578.5 650
1579 612
1579.5 677
1580 721
1580.5 658
1581 665
1581.5 653
1582 684
1582.5 638
1583 676
1583.5 629
1584 674
1584.5 644
1585 679
1585.5 617
1586 628
1586.5 628
1587 665
1587.5 640
1588 642
1588.5 619
1589 696
1589.5 701
1590 684
1590.5 687
1591 676
1591.5 699
1592 650
1592.5 676
1593 645
1593.5 689
1594 655
1594.5 660
1595 660
1595.5 696
1596 664
1596.5 638
1597 623
1597.5 658
1598 673
1598.5 683
1599 625
1599.5 661
1600 651
1600.5 594
1601 562
1601.5 601
1602 611
1602.5 595
1603 556
1603.5 545
1604 544
1604.5 553
1605 515
1605.5 549
1606 546
1606.5 516
1607 555
1607.5 527
1608 508
1608.5 496
1609 510
1609.5 495
1610 500
1610.5 496
1611 470
1611.5 490
1612 461
1612.5 460
1613 465
1613.5 444
1614 488
1614.5 488
1615 471
1615.5 478
1616 465
1616.5 437
1617 406
1617.5 473
1618 445
1618.5 467
1619 465
1619.5 474
1620 425
1620.5 451
1621 436
1621.5 449
1622 463
1622.5 476
1623 441
1623.5 446
1624 433
1624.5 431
1625 451
1625.5 407
1626 410
1626.5 409
1627 441
1627.5 425
1628 436
1628.5 413
1629 414
1629.5 435
1630 416
1630.5 399
1631 445
1631.5 429
1632 393
1632.5 413
1633 395
1633.5 407
1634 401
1634.5 417
1635 404
1635.5 400
1636 406
1636.5 411
1637 402
1637.5 433
1638 380
1638.5 383
1639 362
1639.5 379
1640 417
1640.5 372
1641 422
1641.5 400
1642 415
1642.5 451
1643 403
1643.5 336
1644 385
1644.5 416
1645 402
1645.5 394
1646 392
1646.5 393
1647 375
1647.5 406
1648 378
1648.5 392
1649 371
1649.5 388
1650 403
1650.5 386
1651 378
1651.5 413
1652 399
1652.5 361
1653 374
1653.5 387
1654 389
1654.5 389
1655 383
1655.5 388
1656 403
1656.5 385
1657 363
1657.5 376
1658 373
1658.5 369
1659 404
1659.5 359
1660 354
1660.5 394
1661 389
1661.5 369
1662 366
1662.5 387
1663 377
1663.5 380
1664 384
1664.5 367
1665 390
1665.5 403
1666 357
1666.5 365
1667 381
1667.5 386
1668 375
1668.5 362
1669 361
1669.5 376
1670 338
1670.5 370
1671 371
1671.5 375
1672 372
1672.5 380
1673 390
1673.5 405
1674 404
1674.5 406
1675 380
1675.5 356
1676 403
1676.5 452
1677 490
1677.5 687
1678 842
1678.5 1289
1679 1960
1679.5 3142
1680 5203
1680.5 8795
1681 14671
1681.5 23011
1682 32965
1682.5 40573
1683 42766
1683.5 37847
1684 26938
1684.5 16066
1685 7474
1685.5 3158
1686 1230
1686.5 638
1687 471
1687.5 429
1688 399
1688.5 380
1689 355
1689.5 330
1690 354
1690.5 325
1691 360
1691.5 350
1692 343
1692.5 329
1693 335
1693.5 308
1694 298
1694.5 316
1695 319
1695.5 319
1696 304
1696.5 300
1697 297
1697.5 322
1698 328
1698.5 317
1699 293
1699.5 299
1700 303
1700.5 280
1701 283
1701.5 306
1702 296
1702.5 287
1703 284
1703.5 283
1704 274
1704.5 291
1705 283
1705.5 283
1706 296
1706.5 256
1707 297
1707.5 254
1708 276
1708.5 256
1709 266
1709.5 277
1710 293
1710.5 276
1711 279
1711.5 268
1712 308
1712.5 279
1713 242
1713.5 280
1714 274
1714.5 240
1715 228
1715.5 248
1716 263
1716.5 240
1717 267
1717.5 251
1718 268
1718.5 280
1719 254
1719.5 242
1720 269
1720.5 250
1721 223
1721.5 226
1722 217
1722.5 259
1723 231
1723.5 268
1724 252
1724.5 246
1725 237
1725.5 244
1726 241
1726.5 214
1727 252
1727.5 246
1728 227
1728.5 240
1729 227
1729.5 207
1730 213
1730.5 202
1731 217
1731.5 211
1732 182
1732.5 230
1733 212
1733.5 212
1734 205
1734.5 219
1735 220
1735.5 190
1736 205
1736.5 193
1737 183
1737.5 183
1738 202
1738.5 190
1739 224
1739.5 203
1740 200
1740.5 188
1741 167
1741.5 184
1742 189
1742.5 177
1743 178
1743.5 189
1744 198
1744.5 179
1745 177
1745.5 176
1746 185
1746.5 177
1747 186
1747.5 164
1748 182
1748.5 194
1749 164
1749.5 169
1750 176
1750.5 183
1751 180
1751.5 158
1752 178
1752.5 176
1753 176
1753.5 165
1754 188
1754.5 185
1755 189
1755.5 165
1756 151
1756.5 155
1757 147
1757.5 139
1758 163
1758.5 191
1759 175
1759.5 145
1760 172
1760.5 157
1761 167
1761.5 156
1762 179
1762.5 171
1763 155
1763.5 169
1764 150
1764.5 143
1765 150
1765.5 161
1766 149
1766.5 166
1767 159
1767.5 165
1768 160
1768.5 149
1769 146
1769.5 177
1770 161
1770.5 150
1771 146
1771.5 147
1772 141
1772.5 161
1773 141
1773.5 158
1774 146
1774.5 156
1775 130
1775.5 136
1776 156
1776.5 154
1777 147
1777.5 127
1778 159
1778.5 146
1779 163
1779.5 130
1780 129
1780.5 149
1781 136
1781.5 142
1782 150
1782.5 146
1783 137
1783.5 151
1784 152
1784.5 167
1785 140
1785.5 151
1786 157
1786.5 119
1787 125
1787.5 124
1788 144
1788.5 155
1789 137
1789.5 148
1790 135
1790.5 125
1791 129
1791.5 115
1792 132
1792.5 124
1793 138
1793.5 143
1794 126
1794.5 131
1795 108
1795.5 109
1796 118
1796.5 140
1797 129
1797.5 132
1798 133
1798.5 119
1799 127
1799.5 123
1800 139
1800.5 147
1801 135
1801.5 150
1802 122
1802.5 128
1803 121
1803.5 123
1804 151
1804.5 115
1805 118
1805.5 134
1806 144
1806.5 127
1807 143
1807.5 119
1808 114
1808.5 113
1809 132
1809.5 114
1810 123
1810.5 106
1811 127
1811.5 117
1812 122
1812.5 137
1813 138
1813.5 128
1814 145
1814.5 119
1815 133
1815.5 126
1816 135
1816.5 125
1817 110
1817.5 119
1818 112
1818.5 108
1819 129
1819.5 119
1820 117
1820.5 136
1821 109
1821.5 114
1822 115
1822.5 116
1823 129
1823.5 126
1824 120
1824.5 141
1825 124
1825.5 121
1826 90
1826.5 147
1827 130
1827.5 118
1828 117
1828.5 133
1829 125
1829.5 116
1830 126
1830.5 124
1831 126
1831.5 108
1832 113
1832.5 98
1833 128
1833.5 129
1834 122
1834.5 129
1835 123
1835.5 95
1836 126
1836.5 93
1837 109
1837.5 114
1838 119
1838.5 125
1839 123
1839.5 98
1840 125
1840.5 113
1841 129
1841.5 134
1842 119
1842.5 123
1843 129
1843.5 123
1844 103
1844.5 123
1845 134
1845.5 111
1846 124
1846.5 127
1847 125
1847.5 129
1848 115
1848.5 112
1849 130
1849.5 126
1850 134
1850.5 102
1851 139
1851.5 113
1852 97
1852.5 120
1853 125
1853.5 116
1854 116
1854.5 107
1855 130
1855.5 117
1856 113
1856.5 118
1857 114
1857.5 120
1858 143
1858.5 148
1859 106
1859.5 113
1860 120
1860.5 121
1861 106
1861.5 140
1862 104
1862.5 129
1863 116
1863.5 130
1864 134
1864.5 122
1865 106
1865.5 119
1866 120
1866.5 101
1867 113
1867.5 116
1868 111
1868.5 127
1869 116
1869.5 117
1870 113
1870.5 128
1871 123
1871.5 88
1872 121
1872.5 112
1873 114
1873.5 112
1874 116
1874.5 129
1875 126
1875.5 103
1876 114
1876.5 118
1877 125
1877.5 112
1878 125
1878.5 105
1879 110
1879.5 93
1880 126
1880.5 130
1881 121
1881.5 113
1882 103
1882.5 97
1883 119
1883.5 111
1884 125
1884.5 106
1885 108
1885.5 112
1886 122
1886.5 129
1887 120
1887.5 130
1888 107
1888.5 116
1889 129
1889.5 103
1890 120
1890.5 109
1891 114
1891.5 131
1892 113
1892.5 117
1893 125
1893.5 117
1894 116
1894.5 120
1895 138
1895.5 115
1896 125
1896.5 112
1897 114
1897.5 102
1898 135
1898.5 141
1899 133
1899.5 113
1900 129
1900.5 107
1901 124
1901.5 121
1902 117
1902.5 129
1903 138
1903.5 115
1904 131
1904.5 137
1905 141
1905.5 125
1906 153
1906.5 138
1907 156
1907.5 150
1908 181
1908.5 199
1909 255
1909.5 342
1910 485
1910.5 748
1911 1172
1911.5 2071
1912 3587
1912.5 5963
1913 9984
1913.5 16144
1914 23766
1914.5 31618
1915 36472
1915.5 36038
1916 29605
1916.5 20215
1917 11368
1917.5 5263
1918 2076
1918.5 813
1919 351
1919.5 206
1920 187
1920.5 205
1921 138
1921.5 147
1922 138
1922.5 137
1923 135
1923.5 128
1924 113
1924.5 131
1925 118
1925.5 125
1926 104
1926.5 129
1927 110
1927.5 103
1928 122
1928.5 110
1929 104
1929.5 113
1930 100
1930.5 116
1931 117
1931.5 97
1932 85
1932.5 103
1933 108
1933.5 98
1934 96
1934.5 108
1935 103
1935.5 112
1936 115
1936.5 94
1937 104
1937.5 106
1938 102
1938.5 99
1939 97
1939.5 116
1940 98
1940.5 93
1941 93
1941.5 89
1942 105
1942.5 98
1943 102
1943.5 112
1944 94
1944.5 96
1945 99
1945.5 76
1946 93
1946.5 83
1947 94
1947.5 87
1948 96
1948.5 82
1949 109
1949.5 99
1950 79
1950.5 88
1951 94
1951.5 90
1952 78
1952.5 98
1953 70
1953.5 93
1954 111
1954.5 104
1955 90
1955.5 103
1956 77
1956.5 77
1957 80
1957.5 91
1958 92
1958.5 90
1959 78
1959.5 82
1960 75
1960.5 82
1961 85
1961.5 91
1962 68
1962.5 79
1963 98
1963.5 72
1964 82
1964.5 83
1965 78
1965.5 81
1966 81
1966.5 72
1967 70
1967.5 89
1968 91
1968.5 87
1969 98
1969.5 88
1970 75
1970.5 88
1971 73
1971.5 84
1972 92
1972.5 71
1973 85
1973.5 82
1974 75
1974.5 68
1975 88
1975.5 73
1976 76
1976.5 78
1977 87
1977.5 79
1978 75
1978.5 87
1979 95
1979.5 96
1980 88
1980.5 91
1981 87
1981.5 85
1982 87
1982.5 71
1983 94
1983.5 90
1984 78
1984.5 84
1985 85
1985.5 87
1986 76
1986.5 83
1987 75
1987.5 93
1988 74
1988.5 81
1989 73
1989.5 71
1990 69
1990.5 60
1991 80
1991.5 90
1992 90
1992.5 91
1993 79
1993.5 81
1994 74
1994.5 83
1995 98
1995.5 70
1996 105
1996.5 79
1997 69
1997.5 62
1998 88
1998.5 89
1999 76
1999.5 83
2000 83
2000.5 63
2001 92
2001.5 79
2002 69
2002.5 73
2003 67
2003.5 88
2004 76
2004.5 83
2005 95
2005.5 90
2006 70
2006.5 101
2007 79
2007.5 72
2008 74
2008.5 71
2009 78
2009.5 85
2010 77
2010.5 75
2011 87
2011.5 101
2012 109
2012.5 79
2013 59
2013.5 77
2014 85
2014.5 82
2015 78
2015.5 76
2016 78
2016.5 0
2017 0
2017.5 0
2018 0
2018.5 0
2019 0
2019.5 0
2020 0
2020.5 0
2021 0
2021.5 0
2022 0
2022.5 0
2023 0
2023.5 0
2024 0
2024.5 0
2025 0
2025.5 0
2026 0
2026.5 0
2027 0
2027.5 0
2028 0
2028.5 0
2029 0
2029.5 0
2030 0
2030.5 0
2031 0
2031.5 0
2032 0
2032.5 0
2033 0
2033.5 0
2034 0
2034.5 0
2035 0
2035.5 0
2036 0
2036.5 0
2037 0
2037.5 0
2038 0
2038.5 0
2039 0
2039.5 0
2040 0
2040.5 0
2041 0
2041.5 0
2042 0
2042.5 0
2043 0
2043.5 0
2044 0
2044.5 0
2045 0
2045.5 0
2046 0
2046.5 0
2047 0
2047.5 0
2048 0
