0.5 0
1 0
1.5 0
2 0
2.5 0
3 0
3.5 0
4 0
4.5 0
5 0
5.5 0
6 0
6.5 0
7 0
7.5 0
8 0
8.5 0
9 0
9.5 0
10 0
10.5 0
11 0
11.5 0
12 0
12.5 0
13 0
13.5 0
14 0
14.5 0
15 0
15.5 0
16 0
16.5 0
17 0
17.5 0
18 0
18.5 0
19 0
19.5 0
20 0
20.5 0
21 0
21.5 0
22 0
22.5 0
23 0
23.5 0
24 0
24.5 0
25 0
25.5 0
26 0
26.5 0
27 0
27.5 0
28 0
28.5 0
29 0
29.5 0
30 0
30.5 12
31 86
31.5 98
32 72
32.5 78
33 99
33.5 113
34 83
34.5 91
35 90
35.5 66
36 87
36.5 105
37 96
37.5 95
38 74
38.5 91
39 101
39.5 93
40 107
40.5 90
41 90
41.5 98
42 75
42.5 66
43 91
43.5 101
44 87
44.5 96
45 104
45.5 86
46 99
46.5 95
47 79
47.5 114
48 102
48.5 100
49 88
49.5 95
50 86
50.5 92
51 103
51.5 98
52 106
52.5 109
53 100
53.5 114
54 99
54.5 108
55 107
55.5 104
56 107
56.5 118
57 105
57.5 127
58 113
58.5 136
59 134
59.5 142
60 119
60.5 121
61 136
61.5 162
62 133
62.5 127
63 118
63.5 145
64 153
64.5 146
65 143
65.5 112
66 130
66.5 141
67 138
67.5 139
68 154
68.5 138
69 150
69.5 142
70 159
70.5 161
71 160
71.5 162
72 202
72.5 149
73 169
73.5 167
74 153
74.5 172
75 185
75.5 180
76 181
76.5 188
77 184
77.5 214
78 201
78.5 197
79 207
79.5 201
80 259
80.5 293
81 307
81.5 242
82 209
82.5 204
83 188
83.5 241
84 215
84.5 215
85 195
85.5 195
86 166
86.5 169
87 179
87.5 173
88 207
88.5 186
89 184
89.5 208
90 185
90.5 199
91 184
91.5 175
92 201
92.5 178
93 194
93.5 194
94 234
94.5 234
95 208
95.5 231
96 213
96.5 187
97 226
97.5 203
98 186
98.5 224
99 236
99.5 239
100 202
100.5 189
101 198
101.5 175
102 205
102.5 208
103 193
103.5 212
104 201
104.5 194
105 192
105.5 186
106 225
106.5 200
107 215
107.5 205
108 219
108.5 183
109 207
109.5 212
110 186
110.5 204
111 202
111.5 207
112 184
112.5 171
113 213
113.5 207
114 197
114.5 178
115 190
115.5 191
116 208
116.5 214
117 202
117.5 186
118 205
118.5 189
119 187
119.5 192
120 199
120.5 208
121 200
121.5 215
122 193
122.5 194
123 202
123.5 197
124 223
124.5 215
125 218
125.5 207
126 182
126.5 168
127 199
127.5 195
128 187
128.5 201
129 187
129.5 166
130 169
130.5 172
131 158
131.5 209
132 179
132.5 183
133 178
133.5 160
134 185
134.5 200
135 185
135.5 197
136 191
136.5 183
137 176
137.5 184
138 179
138.5 201
139 160
139.5 219
140 213
140.5 163
141 149
141.5 178
142 192
142.5 167
143 180
143.5 182
144 167
144.5 180
145 197
145.5 196
146 186
146.5 200
147 169
147.5 166
148 203
148.5 155
149 199
149.5 168
150 173
150.5 168
151 165
151.5 170
152 201
152.5 162
153 165
153.5 171
154 150
154.5 177
155 175
155.5 160
156 143
156.5 187
157 164
157.5 177
158 157
158.5 190
159 200
159.5 199
160 177
160.5 195
161 156
161.5 177
162 200
162.5 166
163 183
163.5 187
164 168
164.5 160
165 157
165.5 190
166 166
166.5 159
167 156
167.5 135
168 159
168.5 160
169 177
169.5 145
170 132
170.5 156
171 150
171.5 146
172 155
172.5 160
173 137
173.5 160
174 157
174.5 147
175 176
175.5 151
176 155
176.5 160
177 156
177.5 152
178 137
178.5 137
179 129
179.5 149
180 162
180.5 158
181 142
181.5 140
182 149
182.5 139
183 146
183.5 148
184 134
184.5 157
185 166
185.5 139
186 155
186.5 135
187 161
187.5 143
188 136
188.5 145
189 145
189.5 127
190 154
190.5 148
191 141
191.5 134
192 144
192.5 147
193 130
193.5 142
194 121
194.5 143
195 142
195.5 146
196 131
196.5 132
197 124
197.5 115
198 122
198.5 106
199 112
199.5 126
200 116
200.5 132
201 117
201.5 120
202 125
202.5 131
203 121
203.5 121
204 136
204.5 130
205 118
205.5 111
206 132
206.5 137
207 128
207.5 108
208 129
208.5 124
209 122
209.5 101
210 117
210.5 138
211 117
211.5 132
212 108
212.5 134
213 114
213.5 118
214 133
214.5 143
215 118
215.5 128
216 119
216.5 114
217 109
217.5 120
218 118
218.5 108
219 109
219.5 98
220 106
220.5 106
221 100
221.5 114
222 106
222.5 119
223 118
223.5 111
224 110
224.5 122
225 109
225.5 110
226 94
226.5 106
227 108
227.5 96
228 152
228.5 116
229 92
229.5 111
230 105
230.5 110
231 105
231.5 109
232 98
232.5 101
233 103
233.5 116
234 90
234.5 123
235 100
235.5 97
236 91
236.5 88
237 106
237.5 96
238 94
238.5 100
239 115
239.5 103
240 98
240.5 92
241 114
241.5 126
242 106
242.5 124
243 97
243.5 121
244 105
244.5 96
245 101
245.5 78
246 102
246.5 79
247 105
247.5 80
248 101
248.5 81
249 98
249.5 85
250 115
250.5 90
251 87
251.5 89
252 103
252.5 95
253 97
253.5 84
254 80
254.5 79
255 86
255.5 114
256 102
256.5 79
257 97
257.5 90
258 99
258.5 73
259 106
259.5 103
260 87
260.5 97
261 105
261.5 100
262 100
262.5 91
263 80
263.5 87
264 73
264.5 90
265 85
265.5 103
266 78
266.5 85
267 86
267.5 75
268 81
268.5 83
269 68
269.5 78
270 78
270.5 92
271 98
271.5 88
272 82
272.5 71
273 88
273.5 68
274 71
274.5 71
275 98
275.5 121
276 93
276.5 82
277 76
277.5 95
278 80
278.5 68
279 83
279.5 89
280 78
280.5 75
281 81
281.5 69
282 82
282.5 74
283 87
283.5 81
284 71
284.5 83
285 80
285.5 92
286 56
286.5 95
287 52
287.5 91
288 70
288.5 86
289 82
289.5 75
290 74
290.5 66
291 91
291.5 73
292 87
292.5 80
293 64
293.5 70
294 60
294.5 69
295 84
295.5 64
296 63
296.5 64
297 65
297.5 70
298 73
298.5 62
299 78
299.5 61
300 81
300.5 58
301 65
301.5 66
302 60
302.5 61
303 71
303.5 75
304 67
304.5 69
305 75
305.5 76
306 63
306.5 80
307 68
307.5 71
308 76
308.5 65
309 63
309.5 68
310 63
310.5 71
311 56
311.5 67
312 67
312.5 76
313 59
313.5 59
314 65
314.5 59
315 64
315.5 67
316 74
316.5 61
317 63
317.5 145
318 277
318.5 339
319 251
319.5 135
320 67
320.5 61
321 65
321.5 84
322 65
322.5 73
323 86
323.5 81
324 65
324.5 52
325 59
325.5 46
326 54
326.5 46
327 49
327.5 43
328 62
328.5 44
329 48
329.5 52
330 38
330.5 53
331 60
331.5 55
332 60
332.5 57
333 53
333.5 55
334 50
334.5 44
335 48
335.5 57
336 57
336.5 52
337 52
337.5 51
338 55
338.5 57
339 57
339.5 47
340 42
340.5 47
341 43
341.5 46
342 62
342.5 52
343 63
343.5 52
344 58
344.5 45
345 44
345.5 55
346 50
346.5 43
347 50
347.5 45
348 36
348.5 59
349 63
349.5 50
350 42
350.5 44
351 53
351.5 41
352 41
352.5 45
353 51
353.5 49
354 43
354.5 61
355 46
355.5 57
356 40
356.5 45
357 45
357.5 51
358 46
358.5 42
359 53
359.5 35
360 35
360.5 40
361 47
361.5 44
362 43
362.5 51
363 39
363.5 41
364 57
364.5 59
365 69
365.5 49
366 47
366.5 41
367 40
367.5 35
368 40
368.5 52
369 33
369.5 35
370 47
370.5 37
371 34
371.5 38
372 47
372.5 46
373 44
373.5 48
374 51
374.5 60
375 43
375.5 48
376 46
376.5 44
377 58
377.5 42
378 33
378.5 38
379 48
379.5 51
380 42
380.5 39
381 40
381.5 45
382 34
382.5 39
383 45
383.5 45
384 40
384.5 43
385 39
385.5 41
386 44
386.5 29
387 39
387.5 34
388 50
388.5 46
389 48
389.5 39
390 45
390.5 36
391 49
391.5 42
392 30
392.5 38
393 34
393.5 40
394 28
394.5 41
395 37
395.5 42
396 44
396.5 33
397 29
397.5 41
398 51
398.5 44
399 35
399.5 53
400 84
400.5 134
401 107
401.5 76
402 41
402.5 34
403 38
403.5 33
404 38
404.5 29
405 33
405.5 31
406 43
406.5 32
407 42
407.5 53
408 57
408.5 42
409 38
409.5 32
410 31
410.5 31
411 35
411.5 34
412 37
412.5 29
413 39
413.5 33
414 21
414.5 32
415 30
415.5 41
416 45
416.5 20
417 41
417.5 39
418 24
418.5 25
419 34
419.5 32
420 30
420.5 34
421 33
421.5 34
422 26
422.5 44
423 35
423.5 34
424 34
424.5 37
425 32
425.5 32
426 22
426.5 35
427 39
427.5 23
428 35
428.5 32
429 41
429.5 35
430 20
430.5 31
431 38
431.5 38
432 20
432.5 31
433 31
433.5 31
434 26
434.5 35
435 34
435.5 35
436 21
436.5 35
437 30
437.5 31
438 32
438.5 31
439 37
439.5 28
440 26
440.5 33
441 31
441.5 30
442 36
442.5 25
443 37
443.5 42
444 30
444.5 30
445 29
445.5 34
446 26
446.5 40
447 37
447.5 41
448 47
448.5 52
449 35
449.5 25
450 30
450.5 33
451 29
451.5 29
452 31
452.5 30
453 30
453.5 16
454 34
454.5 27
455 32
455.5 28
456 26
456.5 30
457 30
457.5 35
458 23
458.5 30
459 37
459.5 27
460 23
460.5 35
461 20
461.5 40
462 43
462.5 58
463 84
463.5 74
464 63
464.5 37
465 31
465.5 27
466 40
466.5 37
467 33
467.5 34
468 17
468.5 18
469 31
469.5 28
470 36
470.5 21
471 23
471.5 30
472 19
472.5 20
473 22
473.5 26
474 19
474.5 23
475 27
475.5 27
476 34
476.5 26
477 24
477.5 20
478 26
478.5 22
479 27
479.5 25
480 27
480.5 27
481 22
481.5 40
482 54
482.5 119
483 159
483.5 116
484 48
484.5 32
485 29
485.5 20
486 17
486.5 18
487 30
487.5 24
488 27
488.5 18
489 28
489.5 20
490 23
490.5 29
491 23
491.5 25
492 30
492.5 33
493 24
493.5 24
494 20
494.5 25
495 31
495.5 23
496 21
496.5 19
497 22
497.5 17
498 20
498.5 14
499 15
499.5 23
500 31
500.5 27
501 21
501.5 22
502 18
502.5 23
503 22
503.5 31
504 28
504.5 27
505 17
505.5 21
506 18
506.5 24
507 26
507.5 16
508 25
508.5 19
509 25
509.5 18
510 27
510.5 21
511 21
511.5 20
512 26
512.5 30
513 20
513.5 21
514 19
514.5 23
515 14
515.5 23
516 28
516.5 26
517 21
517.5 18
518 27
518.5 11
519 21
519.5 28
520 20
520.5 20
521 21
521.5 16
522 16
522.5 23
523 19
523.5 15
524 20
524.5 22
525 21
525.5 23
526 29
526.5 13
527 29
527.5 22
528 26
528.5 23
529 18
529.5 22
530 22
530.5 17
531 23
531.5 16
532 18
532.5 17
533 18
533.5 22
534 29
534.5 14
535 18
535.5 18
536 15
536.5 14
537 14
537.5 16
538 18
538.5 33
539 17
539.5 19
540 30
540.5 17
541 17
541.5 17
542 20
542.5 21
543 16
543.5 19
544 26
544.5 22
545 20
545.5 24
546 25
546.5 24
547 14
547.5 14
548 20
548.5 13
549 18
549.5 23
550 12
550.5 23
551 15
551.5 11
552 20
552.5 17
553 19
553.5 22
554 21
554.5 22
555 33
555.5 22
556 26
556.5 12
557 13
557.5 11
558 17
558.5 17
559 14
559.5 18
560 15
560.5 22
561 23
561.5 17
562 17
562.5 26
563 14
563.5 19
564 21
564.5 16
565 16
565.5 21
566 22
566.5 32
567 28
567.5 24
568 16
568.5 18
569 20
569.5 24
570 19
570.5 12
571 13
571.5 21
572 22
572.5 14
573 15
573.5 24
574 15
574.5 22
575 21
575.5 18
576 20
576.5 16
577 17
577.5 16
578 14
578.5 14
579 20
579.5 30
580 28
580.5 16
581 16
581.5 17
582 16
582.5 19
583 12
583.5 19
584 17
584.5 22
585 15
585.5 19
586 16
586.5 12
587 18
587.5 14
588 14
588.5 12
589 18
589.5 25
590 20
590.5 12
591 18
591.5 20
592 20
592.5 15
593 20
593.5 22
594 18
594.5 13
595 13
595.5 27
596 11
596.5 19
597 11
597.5 11
598 11
598.5 13
599 14
599.5 13
600 16
600.5 16
601 14
601.5 14
602 17
602.5 21
603 24
603.5 10
604 21
604.5 12
605 16
605.5 14
606 15
606.5 11
607 14
607.5 12
608 13
608.5 14
609 9
609.5 16
610 18
610.5 23
611 20
611.5 19
612 13
612.5 10
613 9
613.5 12
614 18
614.5 21
615 9
615.5 19
616 14
616.5 13
617 14
617.5 13
618 19
618.5 12
619 16
619.5 14
620 19
620.5 10
621 18
621.5 13
622 12
622.5 15
623 15
623.5 18
624 14
624.5 10
625 20
625.5 12
626 12
626.5 15
627 11
627.5 12
628 17
628.5 13
629 18
629.5 17
630 20
630.5 12
631 17
631.5 15
632 21
632.5 11
633 11
633.5 21
634 12
634.5 12
635 8
635.5 12
636 11
636.5 14
637 14
637.5 16
638 15
638.5 23
639 11
639.5 18
640 13
640.5 19
641 12
641.5 13
642 17
642.5 11
643 18
643.5 17
644 36
644.5 41
645 26
645.5 20
646 13
646.5 20
647 16
647.5 13
648 20
648.5 14
649 13
649.5 11
650 11
650.5 12
651 15
651.5 9
652 16
652.5 7
653 15
653.5 18
654 12
654.5 10
655 17
655.5 15
656 25
656.5 13
657 12
657.5 14
658 12
658.5 17
659 15
659.5 22
660 10
660.5 15
661 24
661.5 5
662 10
662.5 13
663 14
663.5 13
664 8
664.5 18
665 16
665.5 17
666 20
666.5 15
667 12
667.5 9
668 11
668.5 12
669 17
669.5 12
670 10
670.5 15
671 20
671.5 17
672 20
672.5 6
673 12
673.5 4
674 14
674.5 6
675 12
675.5 18
676 12
676.5 15
677 15
677.5 17
678 11
678.5 15
679 17
679.5 9
680 15
680.5 12
681 16
681.5 13
682 7
682.5 16
683 18
683.5 21
684 9
684.5 11
685 16
685.5 11
686 13
686.5 8
687 13
687.5 13
688 13
688.5 18
689 11
689.5 13
690 11
690.5 12
691 11
691.5 12
692 11
692.5 11
693 12
693.5 14
694 9
694.5 10
695 7
695.5 16
696 13
696.5 12
697 12
697.5 11
698 11
698.5 10
699 11
699.5 9
700 13
700.5 10
701 11
701.5 16
702 10
702.5 12
703 8
703.5 17
704 7
704.5 10
705 14
705.5 11
706 21
706.5 9
707 8
707.5 14
708 6
708.5 15
709 12
709.5 10
710 12
710.5 22
711 3
711.5 17
712 16
712.5 39
713 43
713.5 49
714 59
714.5 44
715 27
715.5 32
716 23
716.5 19
717 18
717.5 11
718 13
718.5 12
719 16
719.5 9
720 12
720.5 6
721 7
721.5 12
722 10
722.5 11
723 7
723.5 9
724 12
724.5 13
725 7
725.5 12
726 17
726.5 13
727 16
727.5 7
728 16
728.5 12
729 12
729.5 12
730 8
730.5 11
731 11
731.5 19
732 12
732.5 14
733 17
733.5 13
734 11
734.5 8
735 12
735.5 14
736 16
736.5 12
737 7
737.5 17
738 12
738.5 11
739 13
739.5 10
740 14
740.5 9
741 4
741.5 11
742 9
742.5 12
743 13
743.5 13
744 12
744.5 6
745 17
745.5 7
746 11
746.5 11
747 8
747.5 13
748 11
748.5 12
749 11
749.5 17
750 9
750.5 10
751 11
751.5 10
752 9
752.5 8
753 8
753.5 9
754 12
754.5 9
755 8
755.5 11
756 14
756.5 6
757 6
757.5 16
758 20
758.5 13
759 11
759.5 7
760 14
760.5 15
761 10
761.5 9
762 7
762.5 11
763 11
763.5 9
764 11
764.5 12
765 7
765.5 11
766 11
766.5 10
767 15
767.5 10
768 10
768.5 14
769 6
769.5 15
770 10
770.5 13
771 15
771.5 8
772 12
772.5 10
773 11
773.5 12
774 18
774.5 12
775 10
775.5 5
776 6
776.5 11
777 11
777.5 12
778 10
778.5 9
779 8
779.5 12
780 12
780.5 9
781 12
781.5 16
782 13
782.5 6
783 10
783.5 13
784 6
784.5 12
785 12
785.5 9
786 10
786.5 13
787 11
787.5 10
788 15
788.5 10
789 12
789.5 13
790 17
790.5 11
791 12
791.5 10
792 11
792.5 19
793 9
793.5 11
794 6
794.5 12
795 12
795.5 10
796 7
796.5 11
797 8
797.5 11
798 8
798.5 9
799 6
799.5 10
800 13
800.5 17
801 10
801.5 14
802 11
802.5 11
803 9
803.5 8
804 11
804.5 13
805 15
805.5 12
806 8
806.5 12
807 13
807.5 9
808 11
808.5 11
809 13
809.5 10
810 10
810.5 12
811 9
811.5 9
812 11
812.5 9
813 10
813.5 8
814 15
814.5 6
815 11
815.5 8
816 10
816.5 16
817 12
817.5 21
818 55
818.5 86
819 100
819.5 109
820 60
820.5 30
821 5
821.5 11
822 7
822.5 8
823 4
823.5 5
824 8
824.5 6
825 5
825.5 8
826 5
826.5 6
827 7
827.5 13
828 9
828.5 9
829 14
829.5 8
830 7
830.5 6
831 9
831.5 9
832 11
832.5 6
833 15
833.5 12
834 11
834.5 6
835 11
835.5 8
836 11
836.5 10
837 9
837.5 8
838 8
838.5 13
839 7
839.5 9
840 8
840.5 10
841 7
841.5 12
842 7
842.5 9
843 6
843.5 10
844 8
844.5 7
845 13
845.5 10
846 10
846.5 6
847 5
847.5 8
848 14
848.5 7
849 4
849.5 7
850 11
850.5 8
851 7
851.5 9
852 10
852.5 11
853 9
853.5 12
854 9
854.5 11
855 8
855.5 23
856 45
856.5 95
857 117
857.5 97
858 81
858.5 30
859 8
859.5 4
860 7
860.5 7
861 10
861.5 11
862 7
862.5 7
863 7
863.5 7
864 15
864.5 12
865 12
865.5 8
866 4
866.5 10
867 7
867.5 6
868 11
868.5 3
869 5
869.5 6
870 8
870.5 4
871 8
871.5 8
872 9
872.5 10
873 5
873.5 6
874 13
874.5 5
875 9
875.5 5
876 6
876.5 7
877 6
877.5 7
878 7
878.5 5
879 6
879.5 9
880 7
880.5 12
881 5
881.5 6
882 10
882.5 6
883 5
883.5 9
884 7
884.5 5
885 7
885.5 4
886 9
886.5 5
887 11
887.5 16
888 4
888.5 8
889 4
889.5 6
890 4
890.5 12
891 10
891.5 5
892 9
892.5 10
893 9
893.5 8
894 8
894.5 7
895 6
895.5 8
896 8
896.5 3
897 10
897.5 7
898 5
898.5 8
899 8
899.5 6
900 5
900.5 8
901 6
901.5 5
902 15
902.5 7
903 14
903.5 6
904 10
904.5 5
905 14
905.5 7
906 8
906.5 4
907 11
907.5 6
908 11
908.5 10
909 10
909.5 8
910 2
910.5 5
911 7
911.5 9
912 6
912.5 16
913 10
913.5 6
914 10
914.5 8
915 14
915.5 6
916 9
916.5 9
917 10
917.5 8
918 11
918.5 15
919 4
919.5 5
920 12
920.5 12
921 10
921.5 5
922 6
922.5 5
923 10
923.5 4
924 9
924.5 11
925 9
925.5 6
926 10
926.5 5
927 5
927.5 7
928 7
928.5 5
929 10
929.5 9
930 8
930.5 9
931 4
931.5 8
932 10
932.5 17
933 16
933.5 8
934 10
934.5 11
935 8
935.5 10
936 7
936.5 8
937 12
937.5 8
938 7
938.5 9
939 19
939.5 11
940 6
940.5 9
941 8
941.5 6
942 7
942.5 8
943 6
943.5 5
944 7
944.5 6
945 3
945.5 8
946 11
946.5 9
947 9
947.5 6
948 3
948.5 6
949 13
949.5 6
950 9
950.5 10
951 7
951.5 4
952 8
952.5 11
953 2
953.5 8
954 13
954.5 7
955 6
955.5 5
956 6
956.5 6
957 10
957.5 13
958 6
958.5 8
959 7
959.5 7
960 7
960.5 3
961 6
961.5 5
962 5
962.5 5
963 3
963.5 7
964 8
964.5 10
965 5
965.5 7
966 9
966.5 4
967 8
967.5 6
968 6
968.5 7
969 7
969.5 8
970 6
970.5 3
971 10
971.5 8
972 7
972.5 5
973 4
973.5 9
974 8
974.5 6
975 5
975.5 8
976 9
976.5 8
977 11
977.5 11
978 5
978.5 2
979 8
979.5 4
980 6
980.5 3
981 9
981.5 9
982 8
982.5 7
983 7
983.5 3
984 8
984.5 6
985 3
985.5 7
986 9
986.5 4
987 10
987.5 5
988 6
988.5 8
989 7
989.5 6
990 10
990.5 7
991 6
991.5 5
992 8
992.5 8
993 5
993.5 11
994 9
994.5 9
995 4
995.5 8
996 3
996.5 3
997 4
997.5 8
998 6
998.5 10
999 7
999.5 4
1000 3
1000.5 6
1001 11
1001.5 6
1002 17
1002.5 9
1003 4
1003.5 8
1004 5
1004.5 10
1005 1
1005.5 10
1006 7
1006.5 5
1007 14
1007.5 3
1008 8
1008.5 6
1009 8
1009.5 6
1010 1
1010.5 2
1011 4
1011.5 5
1012 4
1012.5 2
1013 7
1013.5 7
1014 6
1014.5 3
1015 10
1015.5 5
1016 8
1016.5 7
1017 8
1017.5 6
1018 5
1018.5 3
1019 9
1019.5 8
1020 10
1020.5 11
1021 2
1021.5 3
1022 10
1022.5 7
1023 4
1023.5 4
1024 2
1024.5 2
1025 3
1025.5 6
1026 8
1026.5 4
1027 7
1027.5 17
1028 25
1028.5 36
1029 28
1029.5 22
1030 5
1030.5 9
1031 5
1031.5 5
1032 7
1032.5 9
1033 8
1033.5 6
1034 8
1034.5 5
1035 2
1035.5 8
1036 4
1036.5 8
1037 5
1037.5 4
1038 6
1038.5 7
1039 9
1039.5 7
1040 2
1040.5 7
1041 5
1041.5 6
1042 8
1042.5 4
1043 7
1043.5 5
1044 4
1044.5 3
1045 4
1045.5 13
1046 4
1046.5 5
1047 6
1047.5 3
1048 3
1048.5 2
1049 6
1049.5 5
1050 7
1050.5 6
1051 7
1051.5 6
1052 6
1052.5 3
1053 11
1053.5 6
1054 9
1054.5 3
1055 2
1055.5 7
1056 8
1056.5 4
1057 7
1057.5 5
1058 4
1058.5 7
1059 7
1059.5 7
1060 7
1060.5 8
1061 3
1061.5 5
1062 7
1062.5 5
1063 4
1063.5 4
1064 5
1064.5 6
1065 2
1065.5 7
1066 6
1066.5 5
1067 8
1067.5 5
1068 7
1068.5 8
1069 8
1069.5 15
1070 7
1070.5 12
1071 7
1071.5 7
1072 4
1072.5 6
1073 9
1073.5 5
1074 5
1074.5 5
1075 10
1075.5 9
1076 4
1076.5 2
1077 7
1077.5 3
1078 9
1078.5 10
1079 7
1079.5 8
1080 3
1080.5 7
1081 8
1081.5 3
1082 8
1082.5 6
1083 8
1083.5 4
1084 7
1084.5 6
1085 5
1085.5 11
1086 10
1086.5 11
1087 11
1087.5 6
1088 16
1088.5 13
1089 17
1089.5 11
1090 7
1090.5 4
1091 4
1091.5 8
1092 3
1092.5 9
1093 6
1093.5 11
1094 9
1094.5 10
1095 10
1095.5 4
1096 6
1096.5 6
1097 5
1097.5 6
1098 4
1098.5 3
1099 8
1099.5 4
1100 8
1100.5 9
1101 9
1101.5 8
1102 1
1102.5 5
1103 5
1103.5 4
1104 8
1104.5 2
1105 5
1105.5 1
1106 2
1106.5 9
1107 10
1107.5 4
1108 9
1108.5 8
1109 10
1109.5 6
1110 6
1110.5 4
1111 7
1111.5 4
1112 10
1112.5 10
1113 14
1113.5 14
1114 14
1114.5 5
1115 9
1115.5 2
1116 4
1116.5 4
1117 10
1117.5 4
1118 2
1118.5 6
1119 3
1119.5 5
1120 6
1120.5 12
1121 7
1121.5 2
1122 6
1122.5 4
1123 7
1123.5 4
1124 8
1124.5 4
1125 7
1125.5 12
1126 22
1126.5 21
1127 21
1127.5 14
1128 1
1128.5 8
1129 2
1129.5 3
1130 4
1130.5 2
1131 3
1131.5 5
1132 2
1132.5 4
1133 8
1133.5 5
1134 6
1134.5 2
1135 5
1135.5 4
1136 5
1136.5 5
1137 4
1137.5 5
1138 4
1138.5 2
1139 7
1139.5 3
1140 5
1140.5 4
1141 2
1141.5 3
1142 4
1142.5 10
1143 6
1143.5 10
1144 5
1144.5 3
1145 7
1145.5 7
1146 9
1146.5 3
1147 4
1147.5 7
1148 10
1148.5 10
1149 3
1149.5 3
1150 6
1150.5 9
1151 4
1151.5 5
1152 5
1152.5 5
1153 5
1153.5 9
1154 4
1154.5 7
1155 5
1155.5 11
1156 7
1156.5 3
1157 2
1157.5 3
1158 5
1158.5 2
1159 6
1159.5 1
1160 1
1160.5 5
1161 6
1161.5 3
1162 7
1162.5 0
1163 5
1163.5 4
1164 7
1164.5 8
1165 5
1165.5 3
1166 4
1166.5 2
1167 7
1167.5 2
1168 2
1168.5 6
1169 7
1169.5 5
1170 5
1170.5 2
1171 3
1171.5 12
1172 5
1172.5 8
1173 7
1173.5 4
1174 5
1174.5 7
1175 4
1175.5 1
1176 6
1176.5 3
1177 2
1177.5 8
1178 6
1178.5 6
1179 1
1179.5 6
1180 5
1180.5 3
1181 3
1181.5 1
1182 8
1182.5 5
1183 6
1183.5 6
1184 6
1184.5 5
1185 6
1185.5 7
1186 12
1186.5 8
1187 8
1187.5 3
1188 5
1188.5 8
1189 2
1189.5 3
1190 4
1190.5 3
1191 5
1191.5 4
1192 7
1192.5 10
1193 6
1193.5 8
1194 8
1194.5 5
1195 12
1195.5 3
1196 2
1196.5 6
1197 3
1197.5 2
1198 5
1198.5 5
1199 4
1199.5 4
1200 3
1200.5 4
1201 5
1201.5 7
1202 6
1202.5 3
1203 3
1203.5 4
1204 2
1204.5 6
1205 5
1205.5 5
1206 7
1206.5 2
1207 7
1207.5 7
1208 3
1208.5 1
1209 5
1209.5 5
1210 4
1210.5 3
1211 6
1211.5 7
1212 5
1212.5 2
1213 4
1213.5 10
1214 9
1214.5 2
1215 9
1215.5 5
1216 4
1216.5 7
1217 8
1217.5 5
1218 3
1218.5 6
1219 1
1219.5 5
1220 8
1220.5 9
1221 9
1221.5 18
1222 9
1222.5 23
1223 11
1223.5 7
1224 5
1224.5 5
1225 0
1225.5 2
1226 4
1226.5 2
1227 4
1227.5 5
1228 2
1228.5 3
1229 5
1229.5 3
1230 4
1230.5 0
1231 9
1231.5 1
1232 5
1232.5 8
1233 8
1233.5 5
1234 5
1234.5 7
1235 4
1235.5 1
1236 9
1236.5 4
1237 3
1237.5 3
1238 5
1238.5 8
1239 1
1239.5 2
1240 3
1240.5 3
1241 4
1241.5 1
1242 12
1242.5 4
1243 1
1243.5 6
1244 6
1244.5 3
1245 2
1245.5 3
1246 2
1246.5 2
1247 7
1247.5 6
1248 4
1248.5 4
1249 7
1249.5 5
1250 5
1250.5 5
1251 1
1251.5 5
1252 6
1252.5 4
1253 3
1253.5 5
1254 5
1254.5 5
1255 5
1255.5 2
1256 5
1256.5 8
1257 2
1257.5 4
1258 1
1258.5 6
1259 4
1259.5 5
1260 5
1260.5 4
1261 5
1261.5 3
1262 2
1262.5 3
1263 7
1263.5 4
1264 5
1264.5 5
1265 5
1265.5 4
1266 2
1266.5 5
1267 4
1267.5 2
1268 1
1268.5 5
1269 3
1269.5 2
1270 3
1270.5 5
1271 6
1271.5 1
1272 6
1272.5 4
1273 7
1273.5 7
1274 6
1274.5 3
1275 1
1275.5 4
1276 5
1276.5 2
1277 6
1277.5 3
1278 4
1278.5 6
1279 6
1279.5 6
1280 5
1280.5 2
1281 3
1281.5 6
1282 8
1282.5 3
1283 5
1283.5 3
1284 4
1284.5 2
1285 6
1285.5 5
1286 3
1286.5 4
1287 5
1287.5 6
1288 3
1288.5 0
1289 3
1289.5 2
1290 5
1290.5 5
1291 1
1291.5 3
1292 2
1292.5 5
1293 6
1293.5 5
1294 10
1294.5 26
1295 60
1295.5 82
1296 81
1296.5 67
1297 30
1297.5 23
1298 6
1298.5 8
1299 4
1299.5 3
1300 1
1300.5 2
1301 2
1301.5 7
1302 2
1302.5 3
1303 2
1303.5 1
1304 3
1304.5 2
1305 5
1305.5 5
1306 4
1306.5 1
1307 3
1307.5 5
1308 1
1308.5 5
1309 7
1309.5 6
1310 7
1310.5 4
1311 6
1311.5 5
1312 3
1312.5 8
1313 1
1313.5 2
1314 1
1314.5 5
1315 4
1315.5 5
1316 4
1316.5 2
1317 4
1317.5 5
1318 7
1318.5 8
1319 2
1319.5 4
1320 5
1320.5 2
1321 4
1321.5 4
1322 6
1322.5 2
1323 3
1323.5 2
1324 3
1324.5 7
1325 4
1325.5 6
1326 4
1326.5 11
1327 3
1327.5 5
1328 6
1328.5 13
1329 7
1329.5 8
1330 7
1330.5 6
1331 6
1331.5 1
1332 2
1332.5 4
1333 2
1333.5 5
1334 2
1334.5 5
1335 3
1335.5 1
1336 3
1336.5 0
1337 6
1337.5 3
1338 3
1338.5 1
1339 4
1339.5 3
1340 2
1340.5 6
1341 1
1341.5 4
1342 6
1342.5 2
1343 2
1343.5 6
1344 2
1344.5 8
1345 3
1345.5 3
1346 5
1346.5 5
1347 4
1347.5 2
1348 1
1348.5 2
1349 3
1349.5 3
1350 7
1350.5 2
1351 3
1351.5 3
1352 1
1352.5 7
1353 3
1353.5 6
1354 4
1354.5 6
1355 6
1355.5 9
1356 5
1356.5 2
1357 3
1357.5 5
1358 3
1358.5 7
1359 5
1359.5 1
1360 5
1360.5 5
1361 3
1361.5 2
1362 5
1362.5 5
1363 2
1363.5 4
1364 4
1364.5 2
1365 1
1365.5 1
1366 4
1366.5 3
1367 5
1367.5 4
1368 2
1368.5 1
1369 9
1369.5 1
1370 6
1370.5 0
1371 2
1371.5 4
1372 8
1372.5 7
1373 18
1373.5 15
1374 25
1374.5 11
1375 9
1375.5 2
1376 7
1376.5 3
1377 5
1377.5 4
1378 10
1378.5 19
1379 39
1379.5 60
1380 39
1380.5 35
1381 18
1381.5 6
1382 4
1382.5 3
1383 3
1383.5 4
1384 3
1384.5 4
1385 4
1385.5 3
1386 3
1386.5 3
1387 4
1387.5 2
1388 6
1388.5 6
1389 3
1389.5 5
1390 4
1390.5 2
1391 2
1391.5 4
1392 3
1392.5 4
1393 4
1393.5 1
1394 3
1394.5 1
1395 5
1395.5 5
1396 1
1396.5 2
1397 6
1397.5 1
1398 6
1398.5 3
1399 9
1399.5 3
1400 1
1400.5 1
1401 1
1401.5 3
1402 7
1402.5 3
1403 5
1403.5 6
1404 2
1404.5 4
1405 7
1405.5 2
1406 1
1406.5 2
1407 2
1407.5 6
1408 7
1408.5 4
1409 5
1409.5 1
1410 3
1410.5 2
1411 2
1411.5 3
1412 5
1412.5 1
1413 2
1413.5 3
1414 4
1414.5 4
1415 2
1415.5 2
1416 8
1416.5 2
1417 1
1417.5 3
1418 2
1418.5 2
1419 2
1419.5 4
1420 3
1420.5 2
1421 2
1421.5 1
1422 5
1422.5 5
1423 1
1423.5 2
1424 6
1424.5 5
1425 3
1425.5 3
1426 4
1426.5 3
1427 5
1427.5 5
1428 5
1428.5 3
1429 5
1429.5 2
1430 2
1430.5 2
1431 0
1431.5 0
1432 4
1432.5 4
1433 2
1433.5 0
1434 3
1434.5 4
1435 4
1435.5 4
1436 5
1436.5 2
1437 5
1437.5 4
1438 2
1438.5 2
1439 2
1439.5 3
1440 8
1440.5 3
1441 4
1441.5 7
1442 4
1442.5 1
1443 3
1443.5 5
1444 3
1444.5 2
1445 3
1445.5 5
1446 3
1446.5 1
1447 1
1447.5 4
1448 7
1448.5 3
1449 4
1449.5 4
1450 1
1450.5 4
1451 3
1451.5 1
1452 4
1452.5 0
1453 2
1453.5 3
1454 0
1454.5 2
1455 6
1455.5 7
1456 2
1456.5 6
1457 6
1457.5 3
1458 5
1458.5 1
1459 6
1459.5 3
1460 4
1460.5 3
1461 5
1461.5 3
1462 2
1462.5 1
1463 3
1463.5 1
1464 6
1464.5 1
1465 1
1465.5 4
1466 2
1466.5 3
1467 2
1467.5 5
1468 5
1468.5 1
1469 1
1469.5 4
1470 7
1470.5 3
1471 4
1471.5 4
1472 5
1472.5 2
1473 2
1473.5 3
1474 3
1474.5 3
1475 0
1475.5 2
1476 0
1476.5 3
1477 5
1477.5 1
1478 5
1478.5 1
1479 2
1479.5 4
1480 2
1480.5 1
1481 3
1481.5 4
1482 3
1482.5 4
1483 3
1483.5 7
1484 2
1484.5 4
1485 2
1485.5 8
1486 0
1486.5 2
1487 3
1487.5 3
1488 2
1488.5 4
1489 6
1489.5 0
1490 6
1490.5 1
1491 1
1491.5 2
1492 4
1492.5 2
1493 0
1493.5 2
1494 6
1494.5 2
1495 2
1495.5 0
1496 3
1496.5 2
1497 3
1497.5 4
1498 7
1498.5 1
1499 2
1499.5 7
1500 6
1500.5 1
1501 2
1501.5 5
1502 3
1502.5 3
1503 2
1503.5 2
1504 4
1504.5 4
1505 5
1505.5 2
1506 2
1506.5 8
1507 2
1507.5 2
1508 5
1508.5 4
1509 1
1509.5 2
1510 6
1510.5 4
1511 2
1511.5 2
1512 2
1512.5 2
1513 6
1513.5 1
1514 0
1514.5 4
1515 2
1515.5 3
1516 1
1516.5 2
1517 3
1517.5 6
1518 3
1518.5 1
1519 3
1519.5 2
1520 1
1520.5 2
1521 5
1521.5 1
1522 3
1522.5 5
1523 3
1523.5 3
1524 2
1524.5 4
1525 3
1525.5 3
1526 0
1526.5 6
1527 4
1527.5 5
1528 5
1528.5 0
1529 4
1529.5 1
1530 4
1530.5 1
1531 3
1531.5 3
1532 4
1532.5 6
1533 2
1533.5 3
1534 2
1534.5 1
1535 2
1535.5 4
1536 3
1536.5 3
1537 4
1537.5 2
1538 1
1538.5 2
1539 1
1539.5 2
1540 2
1540.5 4
1541 2
1541.5 6
1542 7
1542.5 1
1543 3
1543.5 0
1544 3
1544.5 6
1545 6
1545.5 4
1546 3
1546.5 6
1547 0
1547.5 0
1548 2
1548.5 1
1549 1
1549.5 2
1550 3
1550.5 1
1551 3
1551.5 1
1552 4
1552.5 3
1553 1
1553.5 1
1554 3
1554.5 3
1555 2
1555.5 0
1556 1
1556.5 8
1557 2
1557.5 6
1558 2
1558.5 1
1559 5
1559.5 1
1560 1
1560.5 2
1561 5
1561.5 4
1562 2
1562.5 4
1563 2
1563.5 4
1564 2
1564.5 1
1565 3
1565.5 5
1566 3
1566.5 0
1567 2
1567.5 5
1568 3
1568.5 5
1569 3
1569.5 3
1570 3
1570.5 3
1571 1
1571.5 2
1572 3
1572.5 6
1573 3
1573.5 2
1574 6
1574.5 4
1575 8
1575.5 2
1576 0
1576.5 2
1577 1
1577.5 2
1578 2
1578.5 4
1579 0
1579.5 5
1580 3
1580.5 1
1581 2
1581.5 0
1582 4
1582.5 4
1583 5
1583.5 2
1584 3
1584.5 3
1585 1
1585.5 3
1586 4
1586.5 3
1587 6
1587.5 1
1588 3
1588.5 2
1589 2
1589.5 1
1590 4
1590.5 1
1591 3
1591.5 1
1592 3
1592.5 8
1593 1
1593.5 4
1594 1
1594.5 4
1595 2
1595.5 2
1596 4
1596.5 1
1597 5
1597.5 6
1598 7
1598.5 15
1599 18
1599.5 37
1600 29
1600.5 23
1601 16
1601.5 6
1602 5
1602.5 6
1603 1
1603.5 3
1604 3
1604.5 2
1605 2
1605.5 5
1606 2
1606.5 2
1607 0
1607.5 1
1608 4
1608.5 1
1609 2
1609.5 5
1610 3
1610.5 1
1611 3
1611.5 2
1612 5
1612.5 3
1613 3
1613.5 3
1614 3
1614.5 4
1615 4
1615.5 9
1616 6
1616.5 2
1617 1
1617.5 0
1618 1
1618.5 5
1619 3
1619.5 3
1620 1
1620.5 3
1621 2
1621.5 1
1622 3
1622.5 6
1623 3
1623.5 3
1624 2
1624.5 0
1625 0
1625.5 3
1626 3
1626.5 3
1627 4
1627.5 5
1628 7
1628.5 4
1629 2
1629.5 2
1630 1
1630.5 0
1631 4
1631.5 4
1632 4
1632.5 3
1633 6
1633.5 2
1634 2
1634.5 2
1635 4
1635.5 5
1636 5
1636.5 3
1637 6
1637.5 4
1638 2
1638.5 0
1639 4
1639.5 3
1640 2
1640.5 3
1641 5
1641.5 1
1642 2
1642.5 2
1643 2
1643.5 2
1644 2
1644.5 3
1645 2
1645.5 3
1646 0
1646.5 1
1647 4
1647.5 2
1648 4
1648.5 1
1649 3
1649.5 7
1650 4
1650.5 7
1651 3
1651.5 1
1652 3
1652.5 6
1653 0
1653.5 2
1654 2
1654.5 1
1655 2
1655.5 3
1656 5
1656.5 1
1657 3
1657.5 5
1658 2
1658.5 0
1659 5
1659.5 5
1660 4
1660.5 5
1661 1
1661.5 3
1662 3
1662.5 5
1663 1
1663.5 2
1664 1
1664.5 2
1665 3
1665.5 2
1666 7
1666.5 1
1667 1
1667.5 0
1668 0
1668.5 4
1669 6
1669.5 2
1670 1
1670.5 5
1671 4
1671.5 5
1672 3
1672.5 3
1673 4
1673.5 1
1674 7
1674.5 6
1675 3
1675.5 1
1676 3
1676.5 4
1677 6
1677.5 2
1678 4
1678.5 3
1679 0
1679.5 5
1680 2
1680.5 5
1681 3
1681.5 5
1682 2
1682.5 8
1683 3
1683.5 1
1684 2
1684.5 5
1685 3
1685.5 3
1686 5
1686.5 2
1687 7
1687.5 1
1688 3
1688.5 5
1689 5
1689.5 0
1690 4
1690.5 2
1691 4
1691.5 3
1692 1
1692.5 2
1693 2
1693.5 1
1694 2
1694.5 0
1695 1
1695.5 2
1696 2
1696.5 1
1697 3
1697.5 1
1698 1
1698.5 3
1699 2
1699.5 1
1700 2
1700.5 2
1701 1
1701.5 3
1702 3
1702.5 4
1703 1
1703.5 2
1704 2
1704.5 0
1705 2
1705.5 3
1706 0
1706.5 4
1707 2
1707.5 5
1708 5
1708.5 7
1709 2
1709.5 3
1710 1
1710.5 3
1711 1
1711.5 3
1712 3
1712.5 3
1713 1
1713.5 2
1714 1
1714.5 1
1715 4
1715.5 3
1716 0
1716.5 4
1717 1
1717.5 1
1718 1
1718.5 2
1719 3
1719.5 1
1720 3
1720.5 0
1721 1
1721.5 3
1722 2
1722.5 6
1723 2
1723.5 3
1724 0
1724.5 2
1725 1
1725.5 1
1726 1
1726.5 2
1727 1
1727.5 4
1728 2
1728.5 1
1729 2
1729.5 4
1730 3
1730.5 3
1731 3
1731.5 2
1732 0
1732.5 1
1733 3
1733.5 5
1734 3
1734.5 5
1735 6
1735.5 0
1736 0
1736.5 5
1737 6
1737.5 5
1738 2
1738.5 3
1739 1
1739.5 5
1740 0
1740.5 4
1741 1
1741.5 4
1742 3
1742.5 5
1743 1
1743.5 2
1744 1
1744.5 0
1745 8
1745.5 2
1746 2
1746.5 2
1747 2
1747.5 5
1748 1
1748.5 2
1749 1
1749.5 5
1750 3
1750.5 5
1751 2
1751.5 4
1752 1
1752.5 1
1753 4
1753.5 3
1754 3
1754.5 1
1755 2
1755.5 1
1756 1
1756.5 5
1757 5
1757.5 3
1758 2
1758.5 2
1759 2
1759.5 3
1760 1
1760.5 3
1761 2
1761.5 6
1762 2
1762.5 5
1763 2
1763.5 2
1764 1
1764.5 1
1765 4
1765.5 5
1766 5
1766.5 4
1767 3
1767.5 4
1768 8
1768.5 4
1769 1
1769.5 10
1770 7
1770.5 11
1771 11
1771.5 9
1772 7
1772.5 8
1773 5
1773.5 4
1774 3
1774.5 4
1775 1
1775.5 4
1776 3
1776.5 0
1777 2
1777.5 1
1778 4
1778.5 2
1779 2
1779.5 4
1780 4
1780.5 3
1781 4
1781.5 2
1782 4
1782.5 3
1783 0
1783.5 1
1784 5
1784.5 2
1785 2
1785.5 2
1786 2
1786.5 5
1787 1
1787.5 2
1788 2
1788.5 3
1789 2
1789.5 1
1790 2
1790.5 2
1791 2
1791.5 0
1792 2
1792.5 2
1793 1
1793.5 4
1794 3
1794.5 3
1795 1
1795.5 2
1796 4
1796.5 3
1797 1
1797.5 4
1798 1
1798.5 3
1799 1
1799.5 1
1800 3
1800.5 1
1801 0
1801.5 3
1802 1
1802.5 3
1803 6
1803.5 5
1804 3
1804.5 4
1805 2
1805.5 4
1806 0
1806.5 1
1807 1
1807.5 2
1808 4
1808.5 3
1809 3
1809.5 4
1810 2
1810.5 0
1811 2
1811.5 3
1812 1
1812.5 4
1813 2
1813.5 3
1814 4
1814.5 4
1815 1
1815.5 1
1816 3
1816.5 4
1817 5
1817.5 3
1818 2
1818.5 1
1819 3
1819.5 3
1820 2
1820.5 2
1821 1
1821.5 1
1822 4
1822.5 4
1823 3
1823.5 5
1824 3
1824.5 5
1825 6
1825.5 2
1826 3
1826.5 4
1827 4
1827.5 2
1828 5
1828.5 2
1829 1
1829.5 2
1830 5
1830.5 0
1831 1
1831.5 2
1832 0
1832.5 5
1833 1
1833.5 10
1834 4
1834.5 3
1835 5
1835.5 3
1836 2
1836.5 0
1837 5
1837.5 1
1838 3
1838.5 1
1839 2
1839.5 2
1840 2
1840.5 2
1841 2
1841.5 1
1842 3
1842.5 1
1843 3
1843.5 2
1844 1
1844.5 2
1845 2
1845.5 4
1846 1
1846.5 3
1847 2
1847.5 2
1848 2
1848.5 2
1849 3
1849.5 4
1850 1
1850.5 3
1851 0
1851.5 3
1852 0
1852.5 3
1853 2
1853.5 3
1854 1
1854.5 0
1855 2
1855.5 1
1856 1
1856.5 1
1857 3
1857.5 1
1858 2
1858.5 2
1859 2
1859.5 2
1860 2
1860.5 4
1861 2
1861.5 4
1862 2
1862.5 2
1863 3
1863.5 3
1864 3
1864.5 2
1865 1
1865.5 3
1866 4
1866.5 2
1867 5
1867.5 3
1868 7
1868.5 2
1869 1
1869.5 2
1870 2
1870.5 1
1871 4
1871.5 3
1872 5
1872.5 1
1873 1
1873.5 3
1874 1
1874.5 1
1875 0
1875.5 1
1876 2
1876.5 2
1877 3
1877.5 1
1878 3
1878.5 2
1879 4
1879.5 1
1880 2
1880.5 0
1881 4
1881.5 1
1882 0
1882.5 3
1883 2
1883.5 3
1884 1
1884.5 1
1885 3
1885.5 3
1886 1
1886.5 3
1887 3
1887.5 4
1888 2
1888.5 0
1889 3
1889.5 3
1890 3
1890.5 5
1891 3
1891.5 1
1892 4
1892.5 3
1893 0
1893.5 3
1894 4
1894.5 0
1895 2
1895.5 1
1896 2
1896.5 1
1897 1
1897.5 1
1898 2
1898.5 1
1899 2
1899.5 1
1900 0
1900.5 0
1901 2
1901.5 2
1902 3
1902.5 3
1903 0
1903.5 3
1904 1
1904.5 0
1905 2
1905.5 3
1906 2
1906.5 2
1907 6
1907.5 3
1908 1
1908.5 2
1909 1
1909.5 2
1910 1
1910.5 1
1911 2
1911.5 1
1912 2
1912.5 3
1913 2
1913.5 3
1914 0
1914.5 1
1915 1
1915.5 0
1916 2
1916.5 2
1917 2
1917.5 1
1918 3
1918.5 2
1919 3
1919.5 0
1920 1
1920.5 0
1921 3
1921.5 0
1922 3
1922.5 1
1923 3
1923.5 2
1924 1
1924.5 2
1925 1
1925.5 1
1926 2
1926.5 3
1927 1
1927.5 0
1928 0
1928.5 1
1929 0
1929.5 3
1930 1
1930.5 2
1931 2
1931.5 3
1932 0
1932.5 4
1933 3
1933.5 1
1934 1
1934.5 0
1935 3
1935.5 2
1936 3
1936.5 3
1937 3
1937.5 2
1938 2
1938.5 0
1939 1
1939.5 1
1940 3
1940.5 1
1941 2
1941.5 5
1942 4
1942.5 3
1943 1
1943.5 1
1944 1
1944.5 1
1945 2
1945.5 2
1946 1
1946.5 1
1947 1
1947.5 1
1948 6
1948.5 2
1949 3
1949.5 4
1950 1
1950.5 1
1951 3
1951.5 0
1952 0
1952.5 3
1953 2
1953.5 4
1954 2
1954.5 1
1955 1
1955.5 2
1956 1
1956.5 4
1957 1
1957.5 0
1958 3
1958.5 2
1959 2
1959.5 3
1960 1
1960.5 2
1961 2
1961.5 0
1962 1
1962.5 0
1963 1
1963.5 3
1964 4
1964.5 2
1965 2
1965.5 1
1966 0
1966.5 0
1967 1
1967.5 5
1968 3
1968.5 0
1969 1
1969.5 1
1970 2
1970.5 3
1971 1
1971.5 4
1972 1
1972.5 6
1973 6
1973.5 4
1974 19
1974.5 10
1975 5
1975.5 2
1976 3
1976.5 1
1977 3
1977.5 1
1978 2
1978.5 4
1979 4
1979.5 3
1980 3
1980.5 2
1981 3
1981.5 3
1982 2
1982.5 1
1983 1
1983.5 2
1984 4
1984.5 4
1985 0
1985.5 4
1986 0
1986.5 2
1987 3
1987.5 2
1988 2
1988.5 0
1989 0
1989.5 0
1990 2
1990.5 0
1991 2
1991.5 3
1992 2
1992.5 0
1993 1
1993.5 2
1994 1
1994.5 0
1995 1
1995.5 3
1996 2
1996.5 3
1997 1
1997.5 1
1998 2
1998.5 1
1999 1
1999.5 1
2000 0
2000.5 2
2001 2
2001.5 0
2002 2
2002.5 3
2003 3
2003.5 2
2004 2
2004.5 0
2005 0
2005.5 1
2006 2
2006.5 2
2007 4
2007.5 3
2008 7
2008.5 4
2009 5
2009.5 3
2010 2
2010.5 2
2011 4
2011.5 1
2012 2
2012.5 3
2013 0
2013.5 1
2014 2
2014.5 1
2015 0
2015.5 2
2016 2
2016.5 0
2017 0
2017.5 0
2018 0
2018.5 0
2019 0
2019.5 0
2020 0
2020.5 0
2021 0
2021.5 0
2022 0
2022.5 0
2023 0
2023.5 0
2024 0
2024.5 0
2025 0
2025.5 0
2026 0
2026.5 0
2027 0
2027.5 0
2028 0
2028.5 0
2029 0
2029.5 0
2030 0
2030.5 0
2031 0
2031.5 0
2032 0
2032.5 0
2033 0
2033.5 0
2034 0
2034.5 0
2035 0
2035.5 0
2036 0
2036.5 0
2037 0
2037.5 0
2038 0
2038.5 0
2039 0
2039.5 0
2040 0
2040.5 0
2041 0
2041.5 0
2042 0
2042.5 0
2043 0
2043.5 0
2044 0
2044.5 0
2045 0
2045.5 0
2046 0
2046.5 0
2047 0
2047.5 0
2048 0
