0.5 0
1 0
1.5 0
2 0
2.5 0
3 0
3.5 0
4 0
4.5 0
5 0
5.5 0
6 0
6.5 0
7 0
7.5 0
8 0
8.5 0
9 0
9.5 0
10 0
10.5 0
11 0
11.5 0
12 0
12.5 0
13 0
13.5 0
14 0
14.5 0
15 0
15.5 0
16 0
16.5 0
17 0
17.5 0
18 0
18.5 0
19 0
19.5 0
20 0
20.5 0
21 0
21.5 0
22 0
22.5 0
23 0
23.5 0
24 0
24.5 0
25 0
25.5 0
26 0
26.5 0
27 0
27.5 0
28 0
28.5 0
29 0
29.5 0
30 1
30.5 274
31 678
31.5 719
32 691
32.5 751
33 788
33.5 692
34 696
34.5 718
35 733
35.5 638
36 660
36.5 689
37 718
37.5 686
38 714
38.5 663
39 654
39.5 695
40 673
40.5 684
41 698
41.5 669
42 726
42.5 711
43 679
43.5 717
44 635
44.5 622
45 620
45.5 723
46 674
46.5 649
47 700
47.5 681
48 671
48.5 679
49 693
49.5 688
50 749
50.5 666
51 652
51.5 669
52 659
52.5 698
53 635
53.5 629
54 672
54.5 656
55 690
55.5 702
56 673
56.5 670
57 714
57.5 670
58 664
58.5 637
59 594
59.5 647
60 662
60.5 617
61 670
61.5 635
62 653
62.5 622
63 699
63.5 640
64 648
64.5 629
65 655
65.5 636
66 654
66.5 637
67 663
67.5 665
68 611
68.5 561
69 620
69.5 636
70 632
70.5 638
71 642
71.5 606
72 628
72.5 670
73 629
73.5 624
74 647
74.5 657
75 630
75.5 617
76 647
76.5 608
77 654
77.5 686
78 681
78.5 671
79 669
79.5 635
80 569
80.5 585
81 597
81.5 695
82 710
82.5 680
83 638
83.5 603
84 674
84.5 626
85 611
85.5 633
86 657
86.5 680
87 670
87.5 634
88 568
88.5 605
89 655
89.5 653
90 568
90.5 570
91 613
91.5 649
92 575
92.5 629
93 607
93.5 648
94 579
94.5 553
95 596
95.5 646
96 663
96.5 667
97 585
97.5 633
98 590
98.5 603
99 574
99.5 549
100 595
100.5 628
101 588
101.5 685
102 626
102.5 567
103 635
103.5 614
104 618
104.5 606
105 561
105.5 624
106 605
106.5 627
107 589
107.5 610
108 626
108.5 626
109 637
109.5 554
110 639
110.5 551
111 569
111.5 612
112 604
112.5 593
113 603
113.5 597
114 618
114.5 618
115 634
115.5 607
116 548
116.5 623
117 582
117.5 622
118 574
118.5 630
119 650
119.5 640
120 623
120.5 577
121 632
121.5 606
122 590
122.5 568
123 560
123.5 570
124 607
124.5 580
125 555
125.5 618
126 622
126.5 675
127 567
127.5 596
128 619
128.5 608
129 644
129.5 645
130 618
130.5 601
131 631
131.5 575
132 623
132.5 609
133 645
133.5 644
134 632
134.5 635
135 615
135.5 596
136 579
136.5 575
137 595
137.5 612
138 632
138.5 587
139 647
139.5 493
140 576
140.5 608
141 617
141.5 617
142 597
142.5 601
143 599
143.5 592
144 598
144.5 627
145 559
145.5 566
146 577
146.5 574
147 578
147.5 658
148 586
148.5 597
149 567
149.5 597
150 527
150.5 577
151 617
151.5 566
152 605
152.5 614
153 643
153.5 578
154 610
154.5 563
155 618
155.5 600
156 608
156.5 557
157 606
157.5 577
158 600
158.5 575
159 598
159.5 603
160 562
160.5 474
161 603
161.5 561
162 605
162.5 577
163 616
163.5 518
164 648
164.5 575
165 648
165.5 554
166 658
166.5 605
167 585
167.5 579
168 637
168.5 589
169 587
169.5 615
170 656
170.5 562
171 559
171.5 633
172 549
172.5 633
173 612
173.5 556
174 592
174.5 622
175 567
175.5 606
176 582
176.5 551
177 627
177.5 575
178 607
178.5 643
179 638
179.5 604
180 600
180.5 591
181 574
181.5 574
182 569
182.5 619
183 580
183.5 585
184 578
184.5 541
185 574
185.5 564
186 565
186.5 598
187 587
187.5 562
188 567
188.5 622
189 606
189.5 596
190 511
190.5 570
191 559
191.5 560
192 572
192.5 574
193 640
193.5 653
194 604
194.5 608
195 628
195.5 496
196 549
196.5 558
197 613
197.5 575
198 547
198.5 675
199 599
199.5 555
200 626
200.5 580
201 632
201.5 604
202 629
202.5 525
203 594
203.5 572
204 565
204.5 541
205 575
205.5 629
206 628
206.5 557
207 568
207.5 595
208 534
208.5 600
209 612
209.5 577
210 571
210.5 526
211 606
211.5 574
212 583
212.5 560
213 621
213.5 559
214 555
214.5 562
215 590
215.5 534
216 559
216.5 568
217 552
217.5 601
218 580
218.5 602
219 584
219.5 504
220 571
220.5 609
221 583
221.5 571
222 521
222.5 577
223 551
223.5 548
224 610
224.5 545
225 579
225.5 510
226 566
226.5 584
227 571
227.5 586
228 480
228.5 505
229 553
229.5 573
230 604
230.5 550
231 566
231.5 571
232 591
232.5 509
233 587
233.5 541
234 545
234.5 531
235 592
235.5 587
236 569
236.5 563
237 592
237.5 557
238 577
238.5 517
239 558
239.5 606
240 574
240.5 556
241 571
241.5 544
242 576
242.5 558
243 594
243.5 521
244 603
244.5 564
245 554
245.5 547
246 594
246.5 585
247 518
247.5 541
248 552
248.5 594
249 547
249.5 587
250 579
250.5 524
251 545
251.5 544
252 558
252.5 576
253 538
253.5 575
254 578
254.5 602
255 573
255.5 537
256 568
256.5 596
257 571
257.5 576
258 570
258.5 603
259 552
259.5 559
260 568
260.5 578
261 546
261.5 513
262 561
262.5 549
263 584
263.5 595
264 535
264.5 565
265 587
265.5 521
266 567
266.5 573
267 576
267.5 532
268 538
268.5 563
269 585
269.5 648
270 549
270.5 544
271 529
271.5 544
272 592
272.5 583
273 539
273.5 605
274 652
274.5 588
275 576
275.5 542
276 592
276.5 618
277 624
277.5 600
278 617
278.5 594
279 594
279.5 637
280 617
280.5 669
281 659
281.5 604
282 639
282.5 609
283 577
283.5 643
284 597
284.5 588
285 579
285.5 666
286 657
286.5 634
287 669
287.5 582
288 695
288.5 657
289 622
289.5 639
290 652
290.5 626
291 631
291.5 640
292 640
292.5 589
293 699
293.5 678
294 642
294.5 622
295 605
295.5 638
296 649
296.5 596
297 656
297.5 663
298 688
298.5 639
299 651
299.5 674
300 658
300.5 609
301 647
301.5 666
302 678
302.5 695
303 649
303.5 622
304 701
304.5 678
305 680
305.5 631
306 670
306.5 720
307 631
307.5 608
308 668
308.5 630
309 653
309.5 636
310 659
310.5 629
311 651
311.5 647
312 630
312.5 612
313 676
313.5 647
314 669
314.5 683
315 681
315.5 624
316 618
316.5 643
317 643
317.5 571
318 418
318.5 423
319 552
319.5 773
320 833
320.5 782
321 674
321.5 631
322 654
322.5 677
323 625
323.5 647
324 683
324.5 679
325 669
325.5 687
326 633
326.5 586
327 613
327.5 680
328 615
328.5 668
329 676
329.5 619
330 610
330.5 634
331 626
331.5 608
332 608
332.5 659
333 636
333.5 654
334 605
334.5 643
335 675
335.5 645
336 641
336.5 675
337 679
337.5 600
338 623
338.5 614
339 643
339.5 607
340 634
340.5 671
341 606
341.5 670
342 616
342.5 635
343 621
343.5 583
344 612
344.5 633
345 592
345.5 630
346 631
346.5 663
347 643
347.5 636
348 621
348.5 653
349 634
349.5 588
350 608
350.5 641
351 622
351.5 662
352 680
352.5 601
353 565
353.5 558
354 607
354.5 645
355 618
355.5 601
356 615
356.5 601
357 621
357.5 614
358 638
358.5 611
359 565
359.5 658
360 605
360.5 616
361 587
361.5 602
362 593
362.5 583
363 638
363.5 584
364 621
364.5 620
365 642
365.5 572
366 569
366.5 639
367 650
367.5 591
368 656
368.5 596
369 637
369.5 638
370 614
370.5 644
371 643
371.5 608
372 630
372.5 598
373 612
373.5 586
374 598
374.5 555
375 607
375.5 640
376 593
376.5 588
377 631
377.5 597
378 592
378.5 587
379 622
379.5 558
380 582
380.5 625
381 613
381.5 583
382 603
382.5 633
383 596
383.5 602
384 526
384.5 582
385 615
385.5 563
386 542
386.5 588
387 590
387.5 531
388 593
388.5 599
389 593
389.5 596
390 618
390.5 600
391 546
391.5 586
392 614
392.5 616
393 587
393.5 548
394 604
394.5 538
395 574
395.5 566
396 590
396.5 582
397 607
397.5 569
398 594
398.5 571
399 543
399.5 570
400 601
400.5 490
401 543
401.5 562
402 599
402.5 620
403 594
403.5 580
404 599
404.5 616
405 596
405.5 588
406 582
406.5 628
407 581
407.5 559
408 547
408.5 569
409 577
409.5 603
410 625
410.5 600
411 547
411.5 575
412 557
412.5 563
413 583
413.5 544
414 560
414.5 625
415 571
415.5 564
416 570
416.5 537
417 547
417.5 599
418 600
418.5 601
419 599
419.5 593
420 586
420.5 565
421 600
421.5 569
422 625
422.5 630
423 597
423.5 639
424 673
424.5 681
425 678
425.5 608
426 612
426.5 579
427 618
427.5 589
428 545
428.5 537
429 601
429.5 580
430 596
430.5 595
431 538
431.5 551
432 578
432.5 549
433 575
433.5 580
434 527
434.5 549
435 588
435.5 563
436 564
436.5 587
437 603
437.5 565
438 553
438.5 584
439 570
439.5 540
440 556
440.5 573
441 530
441.5 576
442 557
442.5 575
443 593
443.5 548
444 612
444.5 555
445 558
445.5 582
446 560
446.5 534
447 543
447.5 571
448 550
448.5 541
449 557
449.5 598
450 545
450.5 584
451 561
451.5 579
452 574
452.5 583
453 573
453.5 605
454 539
454.5 546
455 548
455.5 585
456 593
456.5 568
457 579
457.5 564
458 541
458.5 586
459 572
459.5 598
460 579
460.5 544
461 497
461.5 538
462 536
462.5 545
463 496
463.5 513
464 519
464.5 541
465 616
465.5 597
466 607
466.5 528
467 556
467.5 554
468 579
468.5 598
469 574
469.5 548
470 541
470.5 539
471 508
471.5 545
472 559
472.5 568
473 551
473.5 562
474 588
474.5 621
475 549
475.5 546
476 499
476.5 549
477 553
477.5 572
478 565
478.5 563
479 550
479.5 581
480 512
480.5 528
481 517
481.5 530
482 505
482.5 413
483 442
483.5 439
484 574
484.5 588
485 651
485.5 646
486 625
486.5 571
487 572
487.5 530
488 564
488.5 566
489 531
489.5 579
490 531
490.5 587
491 525
491.5 547
492 514
492.5 521
493 565
493.5 502
494 524
494.5 548
495 531
495.5 510
496 500
496.5 545
497 493
497.5 542
498 525
498.5 525
499 520
499.5 507
500 566
500.5 508
501 572
501.5 536
502 545
502.5 514
503 524
503.5 525
504 547
504.5 515
505 547
505.5 547
506 547
506.5 515
507 566
507.5 554
508 510
508.5 560
509 567
509.5 581
510 541
510.5 548
511 509
511.5 564
512 516
512.5 561
513 543
513.5 508
514 528
514.5 549
515 528
515.5 550
516 531
516.5 596
517 506
517.5 551
518 530
518.5 539
519 547
519.5 501
520 508
520.5 543
521 539
521.5 539
522 520
522.5 528
523 531
523.5 565
524 527
524.5 573
525 525
525.5 520
526 517
526.5 527
527 484
527.5 547
528 546
528.5 547
529 512
529.5 494
530 531
530.5 534
531 522
531.5 548
532 501
532.5 536
533 519
533.5 556
534 493
534.5 556
535 539
535.5 543
536 555
536.5 503
537 487
537.5 526
538 530
538.5 540
539 544
539.5 541
540 535
540.5 564
541 531
541.5 521
542 520
542.5 496
543 546
543.5 575
544 523
544.5 541
545 535
545.5 539
546 513
546.5 521
547 502
547.5 522
548 520
548.5 520
549 488
549.5 491
550 494
550.5 494
551 507
551.5 519
552 540
552.5 523
553 495
553.5 570
554 533
554.5 533
555 519
555.5 568
556 520
556.5 515
557 500
557.5 557
558 545
558.5 521
559 561
559.5 547
560 544
560.5 545
561 512
561.5 551
562 529
562.5 502
563 542
563.5 548
564 537
564.5 495
565 541
565.5 498
566 517
566.5 500
567 526
567.5 520
568 497
568.5 516
569 509
569.5 546
570 546
570.5 539
571 534
571.5 491
572 475
572.5 497
573 492
573.5 491
574 536
574.5 521
575 521
575.5 509
576 533
576.5 516
577 502
577.5 495
578 532
578.5 522
579 503
579.5 482
580 512
580.5 473
581 502
581.5 531
582 519
582.5 484
583 578
583.5 530
584 537
584.5 479
585 503
585.5 559
586 502
586.5 507
587 512
587.5 544
588 493
588.5 543
589 521
589.5 514
590 497
590.5 516
591 495
591.5 508
592 507
592.5 522
593 520
593.5 515
594 537
594.5 519
595 544
595.5 479
596 516
596.5 485
597 528
597.5 516
598 492
598.5 557
599 532
599.5 539
600 499
600.5 490
601 518
601.5 517
602 517
602.5 539
603 514
603.5 522
604 541
604.5 516
605 467
605.5 498
606 517
606.5 516
607 503
607.5 511
608 525
608.5 538
609 522
609.5 502
610 520
610.5 490
611 514
611.5 528
612 505
612.5 515
613 516
613.5 507
614 523
614.5 522
615 525
615.5 520
616 547
616.5 529
617 480
617.5 550
618 496
618.5 502
619 518
619.5 565
620 493
620.5 507
621 530
621.5 574
622 498
622.5 515
623 519
623.5 516
624 504
624.5 542
625 509
625.5 540
626 505
626.5 482
627 534
627.5 517
628 476
628.5 542
629 512
629.5 530
630 524
630.5 492
631 513
631.5 517
632 521
632.5 514
633 546
633.5 504
634 536
634.5 504
635 509
635.5 516
636 512
636.5 509
637 534
637.5 516
638 487
638.5 521
639 498
639.5 554
640 513
640.5 490
641 506
641.5 498
642 502
642.5 479
643 468
643.5 498
644 492
644.5 516
645 520
645.5 474
646 507
646.5 545
647 509
647.5 499
648 492
648.5 505
649 510
649.5 526
650 466
650.5 516
651 499
651.5 522
652 468
652.5 471
653 494
653.5 475
654 499
654.5 471
655 507
655.5 523
656 509
656.5 514
657 501
657.5 512
658 528
658.5 504
659 481
659.5 535
660 485
660.5 477
661 526
661.5 504
662 481
662.5 495
663 476
663.5 501
664 516
664.5 492
665 541
665.5 469
666 502
666.5 504
667 521
667.5 536
668 529
668.5 499
669 500
669.5 516
670 541
670.5 526
671 489
671.5 502
672 485
672.5 526
673 540
673.5 488
674 487
674.5 506
675 483
675.5 523
676 504
676.5 541
677 497
677.5 464
678 505
678.5 474
679 440
679.5 478
680 520
680.5 521
681 474
681.5 509
682 492
682.5 512
683 515
683.5 474
684 555
684.5 501
685 522
685.5 512
686 538
686.5 528
687 530
687.5 491
688 472
688.5 517
689 474
689.5 504
690 477
690.5 542
691 488
691.5 512
692 494
692.5 539
693 487
693.5 480
694 511
694.5 553
695 496
695.5 522
696 476
696.5 478
697 512
697.5 507
698 490
698.5 550
699 544
699.5 506
700 514
700.5 520
701 514
701.5 527
702 503
702.5 534
703 500
703.5 519
704 482
704.5 548
705 515
705.5 533
706 523
706.5 520
707 466
707.5 486
708 486
708.5 505
709 462
709.5 506
710 490
710.5 477
711 517
711.5 527
712 499
712.5 511
713 477
713.5 470
714 446
714.5 506
715 524
715.5 535
716 547
716.5 525
717 531
717.5 522
718 527
718.5 492
719 567
719.5 489
720 533
720.5 508
721 522
721.5 532
722 516
722.5 508
723 512
723.5 517
724 516
724.5 499
725 538
725.5 539
726 474
726.5 503
727 495
727.5 483
728 523
728.5 497
729 482
729.5 496
730 470
730.5 455
731 504
731.5 513
732 532
732.5 522
733 512
733.5 506
734 530
734.5 455
735 523
735.5 519
736 482
736.5 497
737 473
737.5 534
738 442
738.5 540
739 478
739.5 525
740 497
740.5 515
741 539
741.5 453
742 526
742.5 461
743 453
743.5 523
744 506
744.5 535
745 499
745.5 524
746 487
746.5 494
747 512
747.5 498
748 525
748.5 548
749 513
749.5 480
750 509
750.5 538
751 547
751.5 487
752 527
752.5 566
753 550
753.5 510
754 470
754.5 474
755 509
755.5 550
756 502
756.5 506
757 527
757.5 498
758 462
758.5 535
759 547
759.5 509
760 500
760.5 490
761 514
761.5 516
762 491
762.5 488
763 489
763.5 521
764 484
764.5 559
765 493
765.5 522
766 516
766.5 476
767 475
767.5 500
768 528
768.5 480
769 485
769.5 474
770 490
770.5 507
771 462
771.5 450
772 475
772.5 481
773 492
773.5 518
774 483
774.5 486
775 510
775.5 496
776 487
776.5 480
777 542
777.5 508
778 488
778.5 498
779 479
779.5 504
780 474
780.5 471
781 483
781.5 471
782 485
782.5 532
783 522
783.5 504
784 501
784.5 482
785 533
785.5 514
786 486
786.5 524
787 509
787.5 522
788 479
788.5 467
789 495
789.5 458
790 479
790.5 495
791 491
791.5 520
792 506
792.5 522
793 485
793.5 486
794 534
794.5 506
795 518
795.5 524
796 530
796.5 536
797 464
797.5 505
798 531
798.5 491
799 539
799.5 510
800 505
800.5 499
801 515
801.5 510
802 480
802.5 547
803 504
803.5 473
804 525
804.5 517
805 474
805.5 523
806 506
806.5 508
807 461
807.5 499
808 519
808.5 467
809 468
809.5 509
810 477
810.5 536
811 530
811.5 543
812 497
812.5 542
813 526
813.5 510
814 488
814.5 464
815 522
815.5 544
816 536
816.5 518
817 487
817.5 560
818 459
818.5 432
819 416
819.5 402
820 436
820.5 489
821 533
821.5 580
822 633
822.5 582
823 603
823.5 546
824 525
824.5 492
825 566
825.5 546
826 482
826.5 489
827 497
827.5 500
828 506
828.5 538
829 498
829.5 515
830 494
830.5 538
831 503
831.5 491
832 573
832.5 533
833 483
833.5 537
834 514
834.5 527
835 462
835.5 481
836 536
836.5 533
837 528
837.5 489
838 502
838.5 531
839 502
839.5 472
840 538
840.5 494
841 532
841.5 497
842 523
842.5 553
843 522
843.5 527
844 507
844.5 515
845 503
845.5 533
846 533
846.5 469
847 508
847.5 486
848 514
848.5 477
849 521
849.5 491
850 474
850.5 558
851 485
851.5 484
852 538
852.5 487
853 526
853.5 503
854 493
854.5 514
855 486
855.5 521
856 504
856.5 411
857 424
857.5 423
858 429
858.5 513
859 534
859.5 639
860 619
860.5 634
861 585
861.5 550
862 535
862.5 533
863 513
863.5 505
864 462
864.5 521
865 527
865.5 515
866 500
866.5 507
867 491
867.5 486
868 519
868.5 541
869 489
869.5 561
870 522
870.5 538
871 505
871.5 518
872 559
872.5 503
873 519
873.5 513
874 515
874.5 491
875 492
875.5 523
876 500
876.5 514
877 538
877.5 504
878 579
878.5 486
879 513
879.5 517
880 559
880.5 539
881 529
881.5 501
882 533
882.5 508
883 497
883.5 502
884 539
884.5 524
885 509
885.5 556
886 467
886.5 537
887 538
887.5 522
888 545
888.5 557
889 485
889.5 551
890 527
890.5 543
891 525
891.5 528
892 526
892.5 530
893 497
893.5 498
894 549
894.5 508
895 539
895.5 524
896 493
896.5 541
897 528
897.5 516
898 552
898.5 528
899 503
899.5 549
900 496
900.5 521
901 493
901.5 537
902 539
902.5 517
903 504
903.5 537
904 539
904.5 571
905 543
905.5 521
906 498
906.5 583
907 515
907.5 501
908 501
908.5 540
909 530
909.5 575
910 546
910.5 537
911 484
911.5 506
912 512
912.5 552
913 532
913.5 490
914 528
914.5 512
915 470
915.5 536
916 514
916.5 552
917 510
917.5 548
918 505
918.5 528
919 566
919.5 517
920 511
920.5 513
921 508
921.5 478
922 508
922.5 518
923 519
923.5 481
924 506
924.5 533
925 532
925.5 506
926 510
926.5 507
927 534
927.5 542
928 576
928.5 536
929 521
929.5 485
930 510
930.5 586
931 526
931.5 506
932 511
932.5 506
933 503
933.5 559
934 513
934.5 542
935 526
935.5 561
936 521
936.5 536
937 524
937.5 537
938 605
938.5 529
939 499
939.5 518
940 537
940.5 484
941 556
941.5 526
942 547
942.5 479
943 568
943.5 543
944 532
944.5 547
945 539
945.5 525
946 548
946.5 500
947 529
947.5 545
948 559
948.5 554
949 535
949.5 539
950 535
950.5 520
951 508
951.5 554
952 561
952.5 501
953 515
953.5 542
954 539
954.5 499
955 526
955.5 556
956 529
956.5 497
957 503
957.5 517
958 549
958.5 515
959 551
959.5 534
960 512
960.5 523
961 537
961.5 504
962 541
962.5 538
963 520
963.5 532
964 515
964.5 521
965 549
965.5 493
966 560
966.5 537
967 524
967.5 560
968 540
968.5 566
969 485
969.5 569
970 529
970.5 572
971 551
971.5 561
972 578
972.5 536
973 523
973.5 501
974 504
974.5 569
975 564
975.5 539
976 545
976.5 557
977 509
977.5 575
978 564
978.5 569
979 557
979.5 574
980 511
980.5 560
981 555
981.5 513
982 564
982.5 531
983 580
983.5 516
984 505
984.5 540
985 556
985.5 526
986 557
986.5 519
987 551
987.5 488
988 556
988.5 506
989 538
989.5 562
990 552
990.5 532
991 529
991.5 555
992 553
992.5 507
993 548
993.5 527
994 552
994.5 545
995 544
995.5 573
996 534
996.5 488
997 526
997.5 549
998 587
998.5 535
999 541
999.5 530
1000 493
1000.5 567
1001 511
1001.5 539
1002 487
1002.5 514
1003 565
1003.5 554
1004 503
1004.5 535
1005 548
1005.5 544
1006 594
1006.5 536
1007 564
1007.5 560
1008 536
1008.5 557
1009 526
1009.5 562
1010 537
1010.5 554
1011 581
1011.5 564
1012 521
1012.5 553
1013 544
1013.5 557
1014 593
1014.5 561
1015 569
1015.5 542
1016 585
1016.5 553
1017 553
1017.5 544
1018 545
1018.5 534
1019 557
1019.5 592
1020 535
1020.5 577
1021 571
1021.5 553
1022 515
1022.5 565
1023 582
1023.5 544
1024 568
1024.5 544
1025 580
1025.5 526
1026 549
1026.5 545
1027 543
1027.5 554
1028 520
1028.5 543
1029 506
1029.5 560
1030 567
1030.5 587
1031 567
1031.5 587
1032 551
1032.5 607
1033 577
1033.5 541
1034 553
1034.5 541
1035 576
1035.5 563
1036 566
1036.5 557
1037 553
1037.5 549
1038 586
1038.5 581
1039 565
1039.5 527
1040 557
1040.5 579
1041 573
1041.5 530
1042 516
1042.5 551
1043 568
1043.5 543
1044 551
1044.5 537
1045 556
1045.5 573
1046 566
1046.5 537
1047 617
1047.5 639
1048 571
1048.5 571
1049 596
1049.5 594
1050 590
1050.5 566
1051 565
1051.5 554
1052 525
1052.5 577
1053 537
1053.5 606
1054 572
1054.5 568
1055 630
1055.5 562
1056 575
1056.5 563
1057 626
1057.5 570
1058 577
1058.5 609
1059 584
1059.5 580
1060 560
1060.5 564
1061 598
1061.5 578
1062 609
1062.5 568
1063 577
1063.5 605
1064 560
1064.5 610
1065 559
1065.5 573
1066 587
1066.5 604
1067 508
1067.5 580
1068 576
1068.5 610
1069 550
1069.5 553
1070 558
1070.5 532
1071 529
1071.5 594
1072 588
1072.5 600
1073 588
1073.5 638
1074 618
1074.5 601
1075 602
1075.5 554
1076 579
1076.5 521
1077 553
1077.5 589
1078 565
1078.5 550
1079 597
1079.5 581
1080 582
1080.5 573
1081 620
1081.5 546
1082 587
1082.5 616
1083 595
1083.5 595
1084 579
1084.5 595
1085 636
1085.5 540
1086 582
1086.5 559
1087 551
1087.5 586
1088 553
1088.5 600
1089 542
1089.5 592
1090 598
1090.5 626
1091 603
1091.5 553
1092 584
1092.5 586
1093 583
1093.5 647
1094 560
1094.5 599
1095 593
1095.5 545
1096 597
1096.5 596
1097 641
1097.5 590
1098 609
1098.5 647
1099 598
1099.5 542
1100 576
1100.5 577
1101 585
1101.5 590
1102 570
1102.5 604
1103 583
1103.5 605
1104 587
1104.5 592
1105 587
1105.5 592
1106 624
1106.5 587
1107 556
1107.5 623
1108 615
1108.5 585
1109 574
1109.5 566
1110 529
1110.5 609
1111 584
1111.5 568
1112 579
1112.5 629
1113 584
1113.5 597
1114 598
1114.5 596
1115 579
1115.5 649
1116 631
1116.5 623
1117 598
1117.5 572
1118 606
1118.5 615
1119 645
1119.5 611
1120 619
1120.5 612
1121 634
1121.5 584
1122 625
1122.5 572
1123 619
1123.5 635
1124 624
1124.5 663
1125 619
1125.5 639
1126 656
1126.5 605
1127 600
1127.5 579
1128 696
1128.5 595
1129 618
1129.5 696
1130 615
1130.5 641
1131 640
1131.5 657
1132 619
1132.5 629
1133 596
1133.5 615
1134 635
1134.5 606
1135 644
1135.5 580
1136 636
1136.5 581
1137 606
1137.5 592
1138 603
1138.5 679
1139 615
1139.5 590
1140 658
1140.5 618
1141 657
1141.5 608
1142 636
1142.5 591
1143 599
1143.5 619
1144 603
1144.5 638
1145 608
1145.5 618
1146 606
1146.5 619
1147 630
1147.5 587
1148 611
1148.5 634
1149 629
1149.5 656
1150 584
1150.5 628
1151 625
1151.5 634
1152 647
1152.5 659
1153 675
1153.5 588
1154 585
1154.5 623
1155 609
1155.5 606
1156 651
1156.5 581
1157 659
1157.5 670
1158 633
1158.5 634
1159 611
1159.5 643
1160 637
1160.5 630
1161 607
1161.5 649
1162 640
1162.5 656
1163 638
1163.5 601
1164 601
1164.5 613
1165 659
1165.5 661
1166 649
1166.5 672
1167 635
1167.5 683
1168 677
1168.5 709
1169 770
1169.5 784
1170 775
1170.5 743
1171 713
1171.5 709
1172 693
1172.5 728
1173 684
1173.5 640
1174 637
1174.5 629
1175 599
1175.5 639
1176 639
1176.5 645
1177 663
1177.5 606
1178 657
1178.5 649
1179 643
1179.5 670
1180 642
1180.5 691
1181 642
1181.5 678
1182 610
1182.5 658
1183 641
1183.5 684
1184 610
1184.5 696
1185 702
1185.5 635
1186 656
1186.5 695
1187 663
1187.5 662
1188 666
1188.5 653
1189 687
1189.5 686
1190 666
1190.5 695
1191 649
1191.5 681
1192 714
1192.5 644
1193 639
1193.5 660
1194 673
1194.5 670
1195 651
1195.5 648
1196 726
1196.5 660
1197 708
1197.5 653
1198 697
1198.5 689
1199 698
1199.5 663
1200 692
1200.5 681
1201 715
1201.5 720
1202 672
1202.5 663
1203 728
1203.5 683
1204 699
1204.5 710
1205 701
1205.5 648
1206 716
1206.5 662
1207 673
1207.5 691
1208 673
1208.5 715
1209 691
1209.5 699
1210 705
1210.5 644
1211 732
1211.5 706
1212 639
1212.5 696
1213 635
1213.5 678
1214 747
1214.5 687
1215 734
1215.5 676
1216 670
1216.5 698
1217 698
1217.5 712
1218 646
1218.5 716
1219 669
1219.5 746
1220 708
1220.5 676
1221 710
1221.5 695
1222 776
1222.5 665
1223 733
1223.5 691
1224 690
1224.5 683
1225 715
1225.5 701
1226 734
1226.5 700
1227 711
1227.5 711
1228 723
1228.5 699
1229 709
1229.5 689
1230 731
1230.5 713
1231 698
1231.5 710
1232 746
1232.5 722
1233 726
1233.5 693
1234 705
1234.5 742
1235 703
1235.5 706
1236 731
1236.5 742
1237 694
1237.5 745
1238 732
1238.5 730
1239 708
1239.5 710
1240 769
1240.5 746
1241 687
1241.5 708
1242 714
1242.5 728
1243 743
1243.5 763
1244 692
1244.5 721
1245 742
1245.5 742
1246 734
1246.5 727
1247 731
1247.5 688
1248 742
1248.5 717
1249 730
1249.5 819
1250 787
1250.5 725
1251 692
1251.5 744
1252 724
1252.5 708
1253 704
1253.5 747
1254 733
1254.5 702
1255 748
1255.5 767
1256 742
1256.5 727
1257 674
1257.5 728
1258 735
1258.5 757
1259 724
1259.5 744
1260 759
1260.5 686
1261 728
1261.5 730
1262 686
1262.5 729
1263 703
1263.5 823
1264 732
1264.5 767
1265 725
1265.5 766
1266 777
1266.5 742
1267 731
1267.5 776
1268 776
1268.5 757
1269 749
1269.5 758
1270 760
1270.5 766
1271 746
1271.5 764
1272 760
1272.5 783
1273 822
1273.5 745
1274 788
1274.5 771
1275 779
1275.5 815
1276 753
1276.5 778
1277 812
1277.5 820
1278 832
1278.5 781
1279 784
1279.5 778
1280 795
1280.5 824
1281 803
1281.5 792
1282 780
1282.5 744
1283 834
1283.5 760
1284 792
1284.5 807
1285 803
1285.5 819
1286 773
1286.5 772
1287 785
1287.5 786
1288 759
1288.5 778
1289 795
1289.5 798
1290 769
1290.5 758
1291 765
1291.5 832
1292 826
1292.5 799
1293 786
1293.5 826
1294 790
1294.5 777
1295 790
1295.5 769
1296 714
1296.5 756
1297 816
1297.5 803
1298 839
1298.5 845
1299 821
1299.5 806
1300 847
1300.5 874
1301 865
1301.5 886
1302 893
1302.5 882
1303 863
1303.5 817
1304 836
1304.5 856
1305 813
1305.5 835
1306 839
1306.5 811
1307 853
1307.5 819
1308 802
1308.5 889
1309 788
1309.5 829
1310 800
1310.5 805
1311 795
1311.5 828
1312 820
1312.5 834
1313 893
1313.5 890
1314 866
1314.5 888
1315 902
1315.5 837
1316 848
1316.5 891
1317 870
1317.5 856
1318 865
1318.5 856
1319 916
1319.5 832
1320 886
1320.5 863
1321 810
1321.5 876
1322 887
1322.5 859
1323 857
1323.5 822
1324 855
1324.5 836
1325 870
1325.5 878
1326 839
1326.5 901
1327 917
1327.5 873
1328 854
1328.5 869
1329 903
1329.5 853
1330 887
1330.5 847
1331 942
1331.5 902
1332 885
1332.5 917
1333 879
1333.5 922
1334 908
1334.5 888
1335 923
1335.5 893
1336 890
1336.5 949
1337 926
1337.5 864
1338 915
1338.5 953
1339 873
1339.5 870
1340 922
1340.5 893
1341 868
1341.5 918
1342 893
1342.5 904
1343 914
1343.5 878
1344 940
1344.5 947
1345 868
1345.5 960
1346 946
1346.5 911
1347 955
1347.5 931
1348 964
1348.5 948
1349 933
1349.5 966
1350 904
1350.5 919
1351 955
1351.5 941
1352 957
1352.5 952
1353 938
1353.5 997
1354 934
1354.5 941
1355 947
1355.5 918
1356 927
1356.5 951
1357 966
1357.5 877
1358 923
1358.5 1045
1359 971
1359.5 965
1360 917
1360.5 1028
1361 964
1361.5 948
1362 981
1362.5 1002
1363 1000
1363.5 1020
1364 941
1364.5 998
1365 963
1365.5 969
1366 997
1366.5 982
1367 973
1367.5 888
1368 990
1368.5 968
1369 964
1369.5 913
1370 950
1370.5 969
1371 1020
1371.5 937
1372 980
1372.5 928
1373 929
1373.5 929
1374 973
1374.5 919
1375 1003
1375.5 858
1376 903
1376.5 903
1377 894
1377.5 860
1378 825
1378.5 848
1379 829
1379.5 742
1380 866
1380.5 808
1381 827
1381.5 773
1382 787
1382.5 780
1383 814
1383.5 847
1384 852
1384.5 790
1385 772
1385.5 887
1386 795
1386.5 812
1387 732
1387.5 732
1388 753
1388.5 694
1389 745
1389.5 753
1390 771
1390.5 734
1391 738
1391.5 769
1392 780
1392.5 745
1393 718
1393.5 744
1394 739
1394.5 742
1395 735
1395.5 708
1396 666
1396.5 731
1397 706
1397.5 758
1398 740
1398.5 684
1399 724
1399.5 726
1400 709
1400.5 727
1401 743
1401.5 738
1402 736
1402.5 705
1403 723
1403.5 768
1404 753
1404.5 707
1405 671
1405.5 695
1406 706
1406.5 693
1407 729
1407.5 707
1408 748
1408.5 715
1409 679
1409.5 666
1410 699
1410.5 629
1411 718
1411.5 687
1412 719
1412.5 662
1413 681
1413.5 734
1414 699
1414.5 744
1415 718
1415.5 711
1416 704
1416.5 706
1417 728
1417.5 715
1418 668
1418.5 700
1419 737
1419.5 685
1420 691
1420.5 680
1421 737
1421.5 731
1422 687
1422.5 711
1423 688
1423.5 697
1424 684
1424.5 695
1425 723
1425.5 688
1426 683
1426.5 721
1427 677
1427.5 661
1428 652
1428.5 699
1429 661
1429.5 735
1430 755
1430.5 721
1431 730
1431.5 696
1432 732
1432.5 689
1433 655
1433.5 665
1434 675
1434.5 659
1435 669
1435.5 683
1436 702
1436.5 658
1437 685
1437.5 664
1438 711
1438.5 663
1439 668
1439.5 726
1440 637
1440.5 708
1441 683
1441.5 634
1442 674
1442.5 684
1443 660
1443.5 615
1444 677
1444.5 654
1445 679
1445.5 687
1446 686
1446.5 674
1447 666
1447.5 634
1448 675
1448.5 634
1449 661
1449.5 710
1450 644
1450.5 650
1451 720
1451.5 684
1452 635
1452.5 649
1453 657
1453.5 667
1454 642
1454.5 688
1455 665
1455.5 682
1456 663
1456.5 680
1457 613
1457.5 630
1458 692
1458.5 623
1459 626
1459.5 689
1460 647
1460.5 637
1461 665
1461.5 660
1462 698
1462.5 668
1463 688
1463.5 666
1464 600
1464.5 662
1465 650
1465.5 710
1466 658
1466.5 672
1467 665
1467.5 648
1468 647
1468.5 652
1469 683
1469.5 674
1470 644
1470.5 646
1471 664
1471.5 625
1472 657
1472.5 673
1473 636
1473.5 662
1474 615
1474.5 631
1475 648
1475.5 622
1476 622
1476.5 686
1477 640
1477.5 659
1478 614
1478.5 627
1479 605
1479.5 633
1480 648
1480.5 674
1481 646
1481.5 620
1482 623
1482.5 630
1483 650
1483.5 633
1484 620
1484.5 602
1485 675
1485.5 624
1486 643
1486.5 635
1487 657
1487.5 622
1488 620
1488.5 626
1489 598
1489.5 615
1490 642
1490.5 631
1491 595
1491.5 659
1492 607
1492.5 555
1493 626
1493.5 641
1494 632
1494.5 636
1495 626
1495.5 584
1496 625
1496.5 639
1497 622
1497.5 640
1498 610
1498.5 612
1499 606
1499.5 623
1500 623
1500.5 623
1501 612
1501.5 599
1502 622
1502.5 643
1503 621
1503.5 617
1504 610
1504.5 576
1505 626
1505.5 574
1506 561
1506.5 572
1507 656
1507.5 565
1508 611
1508.5 619
1509 607
1509.5 609
1510 571
1510.5 639
1511 550
1511.5 593
1512 630
1512.5 651
1513 620
1513.5 588
1514 593
1514.5 607
1515 589
1515.5 629
1516 628
1516.5 617
1517 589
1517.5 547
1518 609
1518.5 551
1519 588
1519.5 601
1520 613
1520.5 569
1521 633
1521.5 584
1522 609
1522.5 662
1523 604
1523.5 593
1524 590
1524.5 610
1525 613
1525.5 609
1526 597
1526.5 552
1527 603
1527.5 570
1528 582
1528.5 581
1529 621
1529.5 597
1530 617
1530.5 603
1531 571
1531.5 579
1532 599
1532.5 576
1533 611
1533.5 617
1534 639
1534.5 589
1535 585
1535.5 562
1536 629
1536.5 600
1537 620
1537.5 622
1538 615
1538.5 609
1539 659
1539.5 587
1540 586
1540.5 648
1541 619
1541.5 569
1542 602
1542.5 620
1543 595
1543.5 632
1544 610
1544.5 639
1545 574
1545.5 603
1546 637
1546.5 610
1547 638
1547.5 601
1548 621
1548.5 636
1549 597
1549.5 611
1550 593
1550.5 658
1551 619
1551.5 627
1552 610
1552.5 627
1553 650
1553.5 607
1554 607
1554.5 604
1555 609
1555.5 597
1556 675
1556.5 585
1557 558
1557.5 608
1558 640
1558.5 639
1559 658
1559.5 633
1560 634
1560.5 648
1561 618
1561.5 608
1562 611
1562.5 598
1563 600
1563.5 605
1564 618
1564.5 615
1565 635
1565.5 633
1566 652
1566.5 645
1567 643
1567.5 639
1568 673
1568.5 680
1569 642
1569.5 631
1570 632
1570.5 649
1571 650
1571.5 644
1572 588
1572.5 656
1573 648
1573.5 675
1574 699
1574.5 670
1575 649
1575.5 633
1576 622
1576.5 701
1577 618
1577.5 660
1578 632
1578.5 646
1579 612
1579.5 672
1580 718
1580.5 657
1581 663
1581.5 653
1582 680
1582.5 634
1583 671
1583.5 627
1584 671
1584.5 641
1585 678
1585.5 614
1586 624
1586.5 625
1587 659
1587.5 639
1588 639
1588.5 617
1589 694
1589.5 700
1590 680
1590.5 686
1591 673
1591.5 698
1592 647
1592.5 668
1593 644
1593.5 685
1594 654
1594.5 656
1595 658
1595.5 694
1596 660
1596.5 637
1597 618
1597.5 652
1598 666
1598.5 668
1599 607
1599.5 624
1600 622
1600.5 571
1601 546
1601.5 595
1602 606
1602.5 589
1603 555
1603.5 542
1604 541
1604.5 551
1605 513
1605.5 544
1606 544
1606.5 514
1607 555
1607.5 526
1608 504
1608.5 495
1609 508
1609.5 490
1610 497
1610.5 495
1611 467
1611.5 488
1612 456
1612.5 457
1613 462
1613.5 441
1614 485
1614.5 484
1615 467
1615.5 469
1616 459
1616.5 435
1617 405
1617.5 473
1618 444
1618.5 462
1619 462
1619.5 471
1620 424
1620.5 448
1621 434
1621.5 448
1622 460
1622.5 470
1623 438
1623.5 443
1624 431
1624.5 431
1625 451
1625.5 404
1626 407
1626.5 406
1627 437
1627.5 420
1628 429
1628.5 409
1629 412
1629.5 433
1630 415
1630.5 399
1631 441
1631.5 425
1632 389
1632.5 410
1633 389
1633.5 405
1634 399
1634.5 415
1635 400
1635.5 395
1636 401
1636.5 408
1637 396
1637.5 429
1638 378
1638.5 383
1639 358
1639.5 376
1640 415
1640.5 369
1641 417
1641.5 399
1642 413
1642.5 449
1643 401
1643.5 334
1644 383
1644.5 413
1645 400
1645.5 391
1646 392
1646.5 392
1647 371
1647.5 404
1648 374
1648.5 391
1649 368
1649.5 381
1650 399
1650.5 379
1651 375
1651.5 412
1652 396
1652.5 355
1653 374
1653.5 385
1654 387
1654.5 388
1655 381
1655.5 385
1656 398
1656.5 384
1657 360
1657.5 371
1658 371
1658.5 369
1659 399
1659.5 354
1660 350
1660.5 389
1661 388
1661.5 366
1662 363
1662.5 382
1663 376
1663.5 378
1664 383
1664.5 365
1665 387
1665.5 401
1666 350
1666.5 364
1667 380
1667.5 386
1668 375
1668.5 358
1669 355
1669.5 374
1670 337
1670.5 365
1671 367
1671.5 370
1672 369
1672.5 377
1673 386
1673.5 404
1674 397
1674.5 400
1675 377
1675.5 355
1676 400
1676.5 448
1677 484
1677.5 685
1678 838
1678.5 1286
1679 1960
1679.5 3137
1680 5201
1680.5 8790
1681 14668
1681.5 23006
1682 32963
1682.5 40565
1683 42763
1683.5 37846
1684 26936
1684.5 16061
1685 7471
1685.5 3155
1686 1225
1686.5 636
1687 464
1687.5 428
1688 396
1688.5 375
1689 350
1689.5 330
1690 350
1690.5 323
1691 356
1691.5 347
1692 342
1692.5 327
1693 333
1693.5 307
1694 296
1694.5 316
1695 318
1695.5 317
1696 302
1696.5 299
1697 294
1697.5 321
1698 327
1698.5 314
1699 291
1699.5 298
1700 301
1700.5 278
1701 282
1701.5 303
1702 293
1702.5 283
1703 283
1703.5 281
1704 272
1704.5 291
1705 281
1705.5 280
1706 296
1706.5 252
1707 295
1707.5 249
1708 271
1708.5 249
1709 264
1709.5 274
1710 292
1710.5 273
1711 278
1711.5 265
1712 305
1712.5 276
1713 241
1713.5 278
1714 273
1714.5 239
1715 224
1715.5 245
1716 263
1716.5 236
1717 266
1717.5 250
1718 267
1718.5 278
1719 251
1719.5 241
1720 266
1720.5 250
1721 222
1721.5 223
1722 215
1722.5 253
1723 229
1723.5 265
1724 252
1724.5 244
1725 236
1725.5 243
1726 240
1726.5 212
1727 251
1727.5 242
1728 225
1728.5 239
1729 225
1729.5 203
1730 210
1730.5 199
1731 214
1731.5 209
1732 182
1732.5 229
1733 209
1733.5 207
1734 202
1734.5 214
1735 214
1735.5 190
1736 205
1736.5 188
1737 177
1737.5 178
1738 200
1738.5 187
1739 223
1739.5 198
1740 200
1740.5 184
1741 166
1741.5 180
1742 186
1742.5 172
1743 177
1743.5 187
1744 197
1744.5 179
1745 169
1745.5 174
1746 183
1746.5 175
1747 184
1747.5 159
1748 181
1748.5 192
1749 163
1749.5 164
1750 173
1750.5 178
1751 178
1751.5 154
1752 177
1752.5 175
1753 172
1753.5 162
1754 185
1754.5 184
1755 187
1755.5 164
1756 150
1756.5 150
1757 142
1757.5 136
1758 161
1758.5 189
1759 173
1759.5 142
1760 171
1760.5 154
1761 165
1761.5 150
1762 177
1762.5 166
1763 153
1763.5 167
1764 149
1764.5 142
1765 146
1765.5 156
1766 144
1766.5 162
1767 156
1767.5 161
1768 152
1768.5 145
1769 145
1769.5 167
1770 154
1770.5 139
1771 135
1771.5 138
1772 134
1772.5 153
1773 136
1773.5 154
1774 143
1774.5 152
1775 129
1775.5 132
1776 153
1776.5 154
1777 145
1777.5 126
1778 155
1778.5 144
1779 161
1779.5 126
1780 125
1780.5 146
1781 132
1781.5 140
1782 146
1782.5 143
1783 137
1783.5 150
1784 147
1784.5 165
1785 138
1785.5 149
1786 155
1786.5 114
1787 124
1787.5 122
1788 142
1788.5 152
1789 135
1789.5 147
1790 133
1790.5 123
1791 127
1791.5 115
1792 130
1792.5 122
1793 137
1793.5 139
1794 123
1794.5 128
1795 107
1795.5 107
1796 114
1796.5 137
1797 128
1797.5 128
1798 132
1798.5 116
1799 126
1799.5 122
1800 136
1800.5 146
1801 135
1801.5 147
1802 121
1802.5 125
1803 115
1803.5 118
1804 148
1804.5 111
1805 116
1805.5 130
1806 144
1806.5 126
1807 142
1807.5 117
1808 110
1808.5 110
1809 129
1809.5 110
1810 121
1810.5 106
1811 125
1811.5 114
1812 121
1812.5 133
1813 136
1813.5 125
1814 141
1814.5 115
1815 132
1815.5 125
1816 132
1816.5 121
1817 105
1817.5 116
1818 110
1818.5 107
1819 126
1819.5 116
1820 115
1820.5 134
1821 108
1821.5 113
1822 111
1822.5 112
1823 126
1823.5 121
1824 117
1824.5 136
1825 118
1825.5 119
1826 87
1826.5 143
1827 126
1827.5 116
1828 112
1828.5 131
1829 124
1829.5 114
1830 121
1830.5 124
1831 125
1831.5 106
1832 113
1832.5 93
1833 127
1833.5 119
1834 118
1834.5 126
1835 118
1835.5 92
1836 124
1836.5 93
1837 104
1837.5 113
1838 116
1838.5 124
1839 121
1839.5 96
1840 123
1840.5 111
1841 127
1841.5 133
1842 116
1842.5 122
1843 126
1843.5 121
1844 102
1844.5 121
1845 132
1845.5 107
1846 123
1846.5 124
1847 123
1847.5 127
1848 113
1848.5 110
1849 127
1849.5 122
1850 133
1850.5 99
1851 139
1851.5 110
1852 97
1852.5 117
1853 123
1853.5 113
1854 115
1854.5 107
1855 128
1855.5 116
1856 112
1856.5 117
1857 111
1857.5 119
1858 141
1858.5 146
1859 104
1859.5 111
1860 118
1860.5 117
1861 104
1861.5 136
1862 102
1862.5 127
1863 113
1863.5 127
1864 131
1864.5 120
1865 105
1865.5 116
1866 116
1866.5 99
1867 108
1867.5 113
1868 104
1868.5 125
1869 115
1869.5 115
1870 111
1870.5 127
1871 119
1871.5 85
1872 116
1872.5 111
1873 113
1873.5 109
1874 115
1874.5 128
1875 126
1875.5 102
1876 112
1876.5 116
1877 122
1877.5 111
1878 122
1878.5 103
1879 106
1879.5 92
1880 124
1880.5 130
1881 117
1881.5 112
1882 103
1882.5 94
1883 117
1883.5 108
1884 124
1884.5 105
1885 105
1885.5 109
1886 121
1886.5 126
1887 117
1887.5 126
1888 105
1888.5 116
1889 126
1889.5 100
1890 117
1890.5 104
1891 111
1891.5 130
1892 109
1892.5 114
1893 125
1893.5 114
1894 112
1894.5 120
1895 136
1895.5 114
1896 123
1896.5 111
1897 113
1897.5 101
1898 133
1898.5 140
1899 131
1899.5 112
1900 129
1900.5 107
1901 122
1901.5 119
1902 114
1902.5 126
1903 138
1903.5 112
1904 130
1904.5 137
1905 139
1905.5 122
1906 151
1906.5 136
1907 150
1907.5 147
1908 180
1908.5 197
1909 254
1909.5 340
1910 484
1910.5 747
1911 1170
1911.5 2070
1912 3585
1912.5 5960
1913 9982
1913.5 16141
1914 23766
1914.5 31617
1915 36471
1915.5 36038
1916 29603
1916.5 20213
1917 11366
1917.5 5262
1918 2073
1918.5 811
1919 348
1919.5 206
1920 186
1920.5 205
1921 135
1921.5 147
1922 135
1922.5 136
1923 132
1923.5 126
1924 112
1924.5 129
1925 117
1925.5 124
1926 102
1926.5 126
1927 109
1927.5 103
1928 122
1928.5 109
1929 104
1929.5 110
1930 99
1930.5 114
1931 115
1931.5 94
1932 85
1932.5 99
1933 105
1933.5 97
1934 95
1934.5 108
1935 100
1935.5 110
1936 112
1936.5 91
1937 101
1937.5 104
1938 100
1938.5 99
1939 96
1939.5 115
1940 95
1940.5 92
1941 91
1941.5 84
1942 101
1942.5 95
1943 101
1943.5 111
1944 93
1944.5 95
1945 97
1945.5 74
1946 92
1946.5 82
1947 93
1947.5 86
1948 90
1948.5 80
1949 106
1949.5 95
1950 78
1950.5 87
1951 91
1951.5 90
1952 78
1952.5 95
1953 68
1953.5 89
1954 109
1954.5 103
1955 89
1955.5 101
1956 76
1956.5 73
1957 79
1957.5 91
1958 89
1958.5 88
1959 76
1959.5 79
1960 74
1960.5 80
1961 83
1961.5 91
1962 67
1962.5 79
1963 97
1963.5 69
1964 78
1964.5 81
1965 76
1965.5 80
1966 81
1966.5 72
1967 69
1967.5 84
1968 88
1968.5 87
1969 97
1969.5 87
1970 73
1970.5 85
1971 72
1971.5 80
1972 91
1972.5 65
1973 79
1973.5 78
1974 56
1974.5 58
1975 83
1975.5 71
1976 73
1976.5 77
1977 84
1977.5 78
1978 73
1978.5 83
1979 91
1979.5 93
1980 85
1980.5 89
1981 84
1981.5 82
1982 85
1982.5 70
1983 93
1983.5 88
1984 74
1984.5 80
1985 85
1985.5 83
1986 76
1986.5 81
1987 72
1987.5 91
1988 72
1988.5 81
1989 73
1989.5 71
1990 67
1990.5 60
1991 78
1991.5 87
1992 88
1992.5 91
1993 78
1993.5 79
1994 73
1994.5 83
1995 97
1995.5 67
1996 103
1996.5 76
1997 68
1997.5 61
1998 86
1998.5 88
1999 75
1999.5 82
2000 83
2000.5 61
2001 90
2001.5 79
2002 67
2002.5 70
2003 64
2003.5 86
2004 74
2004.5 83
2005 95
2005.5 89
2006 68
2006.5 99
2007 75
2007.5 69
2008 67
2008.5 67
2009 73
2009.5 82
2010 75
2010.5 73
2011 83
2011.5 100
2012 107
2012.5 76
2013 59
2013.5 76
2014 83
2014.5 81
2015 78
2015.5 74
2016 76
2016.5 0
2017 0
2017.5 0
2018 0
2018.5 0
2019 0
2019.5 0
2020 0
2020.5 0
2021 0
2021.5 0
2022 0
2022.5 0
2023 0
2023.5 0
2024 0
2024.5 0
2025 0
2025.5 0
2026 0
2026.5 0
2027 0
2027.5 0
2028 0
2028.5 0
2029 0
2029.5 0
2030 0
2030.5 0
2031 0
2031.5 0
2032 0
2032.5 0
2033 0
2033.5 0
2034 0
2034.5 0
2035 0
2035.5 0
2036 0
2036.5 0
2037 0
2037.5 0
2038 0
2038.5 0
2039 0
2039.5 0
2040 0
2040.5 0
2041 0
2041.5 0
2042 0
2042.5 0
2043 0
2043.5 0
2044 0
2044.5 0
2045 0
2045.5 0
2046 0
2046.5 0
2047 0
2047.5 0
2048 0
2048 0
