1 0
2 0
3 0
4 0
5 0
6 0
7 0
8 0
9 0
10 0
11 0
12 0
13 0
14 0
15 0
16 0
17 0
18 0
19 0
20 0
21 0
22 0
23 0
24 0
25 0
26 0
27 0
28 0
29 0
30 0
31 0
32 0
33 0
34 0
35 0
36 0
37 0
38 0
39 0
40 0
41 0
42 0
43 0
44 0
45 0
46 0
47 0
48 0
49 0
50 0
51 0
52 0
53 0
54 0
55 0
56 0
57 0
58 0
59 0
60 -0.0555556
61 -0.0277778
62 -0.0555556
63 0.555556
64 39.3056
65 71.4444
66 31.9167
67 8.97222
68 8.61111
69 6.27778
70 9.25
71 15.0278
72 8.36111
73 15.6389
74 11
75 12.75
76 7.75
77 10.1111
78 6.47222
79 16.5556
80 9.94444
81 4.88889
82 6.58333
83 13
84 13.6389
85 14.8333
86 18.5
87 15.3056
88 19.0278
89 10.4444
90 11.6944
91 9.80556
92 12.7222
93 12.5
94 16.9167
95 6.33333
96 16.9444
97 13.75
98 14.2778
99 7.08333
100 5.69444
101 8.69444
102 10.9444
103 12.4167
104 11.7222
105 8.27778
106 12.1667
107 10.0833
108 11.75
109 8.47222
110 16.7222
111 7.27778
112 9.77778
113 15.1389
114 10.9167
115 13.5556
116 20.7778
117 14.0833
118 6.30556
119 13.8056
120 10.5556
121 11.0278
122 13.7778
123 11.9722
124 6.97222
125 13.5833
126 7.52778
127 6.30556
128 16.4167
129 21.6944
130 12.25
131 15.1111
132 22.5833
133 18.1944
134 8.05556
135 10.6389
136 31.2778
137 15.75
138 18.25
139 20.3056
140 12.7222
141 17.5
142 17.9722
143 20.1389
144 19.5278
145 24.1111
146 29.7778
147 32.1667
148 37.5833
149 48
150 30.2778
151 30.2222
152 31.4722
153 23.5833
154 30.9722
155 13.25
156 19.5
157 13.1389
158 17.4167
159 11.4167
160 20.9722
161 12.6111
162 16.1389
163 13.4444
164 22.8889
165 26.6389
166 22.9722
167 27.3056
168 19.2778
169 13.2778
170 22.2222
171 22.5278
172 25
173 19.7778
174 28.1667
175 7.08333
176 21.1111
177 18.1944
178 17.2778
179 22.0833
180 9.30556
181 21.9167
182 6.83333
183 20.3611
184 7.75
185 23.8611
186 16.5833
187 10.8056
188 11.0278
189 1.91667
190 12.3056
191 9.33333
192 13.7778
193 16.3056
194 12.0833
195 20
196 11.8056
197 13.4167
198 21.9444
199 4.77778
200 7.69444
201 14.2222
202 4.94444
203 18.7222
204 11.5
205 12.5
206 5.41667
207 6.16667
208 9.66667
209 6.77778
210 18
211 15.2222
212 22.9167
213 17.5833
214 11.2222
215 16
216 16.4444
217 7.61111
218 5.41667
219 15.2222
220 9.72222
221 16.3611
222 18.5278
223 17.8333
224 11.1944
225 12.6389
226 9.94444
227 19.5833
228 14.8333
229 15.5278
230 14.0556
231 12.3333
232 7.94444
233 10.5278
234 17.9444
235 10.8056
236 3.41667
237 8.66667
238 7.30556
239 10
240 11.8333
241 7
242 11.4167
243 12.0556
244 6.47222
245 13.3889
246 21.0556
247 24
248 13.5556
249 15.8611
250 14.25
251 7.44444
252 13.7778
253 18.4167
254 9.05556
255 14.5833
256 12.2222
257 4.52778
258 11.9167
259 3.77778
260 12.9167
261 11.1667
262 11.9444
263 15.9167
264 10.5278
265 14.4444
266 21.0833
267 13.3056
268 10.4167
269 13.8056
270 10.5278
271 9.22222
272 10.6389
273 12.8333
274 12.4167
275 12.1667
276 15.2222
277 11.4444
278 10.6944
279 2
280 11.8056
281 12.1111
282 8.22222
283 17.1667
284 15.9722
285 21.0278
286 13.9167
287 9
288 9.61111
289 16.1389
290 7.19444
291 24.4167
292 14.8056
293 5.33333
294 11.1667
295 6.91667
296 10.9167
297 11.0833
298 11.1667
299 11.1667
300 15.6111
301 8.77778
302 16.9167
303 12.25
304 15.7222
305 8.08333
306 8.63889
307 12.5
308 8.30556
309 12.1389
310 11.0833
311 9.11111
312 11.4167
313 8.44444
314 10.8056
315 14.5278
316 14.2778
317 23.5833
318 19.9722
319 8.88889
320 18.0278
321 10.3611
322 18.0833
323 5.33333
324 11.1111
325 10.9167
326 4.13889
327 9.5
328 11.4444
329 8.11111
330 9.25
331 4.63889
332 12.3611
333 5.61111
334 10.6667
335 9.47222
336 7.55556
337 7.94444
338 5.16667
339 6.97222
340 8.25
341 13.3889
342 13.8889
343 6.55556
344 9.69444
345 8.19444
346 10.6944
347 12.1389
348 7.02778
349 5.41667
350 9.19444
351 6
352 4.72222
353 7.38889
354 8.11111
355 16.3056
356 9.05556
357 7.86111
358 8.25
359 4.55556
360 8.61111
361 9.05556
362 7.80556
363 5.08333
364 16.7222
365 11.8611
366 3.25
367 11.4722
368 7.69444
369 8.97222
370 10.3889
371 7.58333
372 2.36111
373 10.0833
374 11.8889
375 10
376 6.63889
377 15.4167
378 10.25
379 4.97222
380 4.27778
381 8.22222
382 5.30556
383 7.69444
384 13.3611
385 10.25
386 6.13889
387 12
388 9.88889
389 9.33333
390 7.22222
391 11.3611
392 7.02778
393 1.55556
394 9.02778
395 10.9444
396 9.47222
397 7.19444
398 16.0556
399 30.8333
400 48.8889
401 67
402 40.6389
403 24.0278
404 38.2778
405 28.9167
406 16.7222
407 15.5
408 14.0833
409 18.5
410 6.08333
411 9.66667
412 9.97222
413 14.2222
414 10.0556
415 9.52778
416 3.88889
417 -1.38889
418 5.80556
419 5.08333
420 12.4722
421 7.86111
422 5.94444
423 10.7778
424 0
425 9.19444
426 8.02778
427 4.27778
428 4.11111
429 19.7778
430 7.41667
431 1.02778
432 5.88889
433 8.72222
434 4.13889
435 0.833333
436 6.30556
437 10.8056
438 14.8611
439 9.16667
440 4.27778
441 8.19444
442 6.13889
443 2.30556
444 4.44444
445 7.41667
446 8.02778
447 7.83333
448 5.33333
449 12.9167
450 16.9444
451 9.13889
452 6.47222
453 4.19444
454 0.25
455 11.1944
456 4.66667
457 10.1389
458 5.41667
459 5.77778
460 11.5278
461 2.30556
462 8.77778
463 3.47222
464 8.63889
465 6.86111
466 7.66667
467 5.30556
468 11.8333
469 10.3889
470 2.72222
471 7.27778
472 5.69444
473 7.83333
474 6.30556
475 6.94444
476 4.33333
477 5.38889
478 6.27778
479 13.0556
480 2.16667
481 8.69444
482 1.58333
483 1.72222
484 4.5
485 0.805556
486 7.44444
487 11.4722
488 13.1944
489 21.0556
490 13.1944
491 11.7222
492 15.5556
493 7.22222
494 8.25
495 6.94444
496 3.52778
497 11.6667
498 5.66667
499 4.88889
500 4.77778
501 8.83333
502 3.11111
503 4.08333
504 3.72222
505 6.52778
506 5.47222
507 2.77778
508 4.44444
509 5.72222
510 0.388889
511 2.25
512 6.22222
513 2.16667
514 -1.61111
515 4.91667
516 -0.694444
517 1.72222
518 8.05556
519 6.94444
520 -0.611111
521 6.11111
522 5.83333
523 4.80556
524 7.02778
525 2.88889
526 1.19444
527 6.94444
528 2.55556
529 9.36111
530 4.58333
531 14.1111
532 2
533 5.75
534 7.08333
535 4.13889
536 8.22222
537 4.80556
538 4.66667
539 7.91667
540 7.72222
541 6.44444
542 6.86111
543 1.22222
544 4.41667
545 7.94444
546 2.38889
547 4.27778
548 4.47222
549 4.86111
550 1.88889
551 1.38889
552 -0.0555556
553 3.02778
554 6.83333
555 6.11111
556 10.9444
557 6.80556
558 1.33333
559 3.16667
560 5.58333
561 7.69444
562 3.22222
563 5.36111
564 4.55556
565 5.55556
566 5.86111
567 9.44444
568 2.72222
569 7.33333
570 4.61111
571 4.22222
572 6.58333
573 3.63889
574 2.19444
575 17.9444
576 17.6944
577 26.0556
578 34.6389
579 17.9722
580 17.2778
581 13.4444
582 3.38889
583 6.36111
584 3.02778
585 5.30556
586 7.5
587 4.86111
588 1.55556
589 3
590 -0.416667
591 2.66667
592 5.63889
593 6.16667
594 4.11111
595 3.47222
596 8.52778
597 0.694444
598 4.36111
599 1.33333
600 9.38889
601 1.08333
602 6.16667
603 -0.638889
604 2.52778
605 2.30556
606 5.61111
607 6.41667
608 5.52778
609 5.75
610 3.88889
611 4.11111
612 4.55556
613 1.86111
614 1.72222
615 1.33333
616 3.69444
617 5.69444
618 3.30556
619 3.08333
620 4.61111
621 4.72222
622 5.69444
623 1.08333
624 4.80556
625 2.47222
626 9.19444
627 -0.222222
628 3.05556
629 7.55556
630 5.02778
631 4.44444
632 5.94444
633 1.63889
634 4.41667
635 8.36111
636 4.02778
637 3.63889
638 3.30556
639 4.27778
640 3.22222
641 5.55556
642 -2.55556
643 0.833333
644 2.52778
645 1.41667
646 6.05556
647 2.5
648 0.916667
649 2.55556
650 1.63889
651 4.13889
652 2.47222
653 4.80556
654 7.02778
655 -0.611111
656 0.722222
657 2
658 4.66667
659 3.83333
660 0.75
661 -0.194444
662 0.75
663 5.94444
664 5.63889
665 2.72222
666 0.555556
667 3.72222
668 5.02778
669 4.80556
670 2.80556
671 0.0833333
672 3.11111
673 1.88889
674 4.16667
675 5.33333
676 0.916667
677 1.80556
678 6.08333
679 6.11111
680 -1.16667
681 -0.166667
682 1.94444
683 -2.47222
684 3.05556
685 9.91667
686 5.38889
687 3.44444
688 1.94444
689 2.25
690 4.97222
691 -0.5
692 0.722222
693 2.86111
694 0.444444
695 0.111111
696 1.91667
697 1.13889
698 0.833333
699 1.25
700 1.86111
701 -0.861111
702 2.97222
703 2.91667
704 5.94444
705 1.05556
706 2.11111
707 -1.58333
708 2.13889
709 3.91667
710 2.80556
711 0.722222
712 3.69444
713 3.91667
714 6.11111
715 1.11111
716 4.02778
717 0.777778
718 1.05556
719 0.916667
720 2.63889
721 4.08333
722 2.11111
723 6.97222
724 6.22222
725 2.19444
726 3.16667
727 6.47222
728 1.16667
729 4.02778
730 2.86111
731 1.88889
732 7.94444
733 5.19444
734 5.41667
735 1.88889
736 5.27778
737 1.27778
738 0.972222
739 4.13889
740 2.55556
741 0.138889
742 2
743 -0.111111
744 3.83333
745 3.36111
746 3.69444
747 3.38889
748 2.61111
749 3.08333
750 1.55556
751 2.63889
752 2.94444
753 5.25
754 0.527778
755 2.44444
756 3.11111
757 2.25
758 1
759 -0.0277778
760 4.47222
761 3.27778
762 1.16667
763 -1.63889
764 0.583333
765 1.22222
766 -0.888889
767 4.02778
768 4.25
769 0.222222
770 2.63889
771 1.16667
772 0.75
773 3.55556
774 5.36111
775 3.05556
776 4.5
777 0.361111
778 2.27778
779 4.52778
780 5.55556
781 3.36111
782 3.41667
783 4.44444
784 0.194444
785 3.30556
786 2.27778
787 0.694444
788 0.361111
789 6.55556
790 4.08333
791 2.25
792 2.08333
793 2.5
794 3.58333
795 2.33333
796 2.58333
797 0.75
798 1.94444
799 4.94444
800 3.69444
801 1.19444
802 0.166667
803 3.52778
804 4.72222
805 0.416667
806 2.11111
807 5.33333
808 3.52778
809 2.97222
810 5.16667
811 4.25
812 -0.444444
813 1.38889
814 0.888889
815 3.66667
816 3.11111
817 5.38889
818 2.27778
819 1.13889
820 1.97222
821 3.5
822 1.83333
823 6.5
824 1.61111
825 10.3889
826 1.83333
827 8.44444
828 2.91667
829 3.69444
830 4.72222
831 7.52778
832 2.47222
833 3.27778
834 0.611111
835 1.69444
836 -0.555556
837 1.61111
838 3.5
839 1.72222
840 -0.527778
841 -0.694444
842 2.63889
843 0.388889
844 3.41667
845 -0.694444
846 6.5
847 2.69444
848 3.52778
849 3.38889
850 3.66667
851 -0.361111
852 2.61111
853 0.527778
854 2
855 0.527778
856 0.5
857 1.36111
858 3.41667
859 0.388889
860 2.30556
861 2.72222
862 2.58333
863 1.30556
864 -0.722222
865 3.22222
866 0.833333
867 4.41667
868 1.33333
869 2.5
870 2.77778
871 5.72222
872 3.38889
873 3.69444
874 3.63889
875 2.19444
876 -1.13889
877 2.52778
878 0.444444
879 0.444444
880 2.55556
881 2.33333
882 -0.583333
883 -0.722222
884 3.94444
885 1.55556
886 -0.444444
887 0.75
888 0.666667
889 3.5
890 2.52778
891 -0.333333
892 5.55556
893 4.38889
894 4.69444
895 1.80556
896 2.38889
897 0
898 2.69444
899 1.63889
900 4.80556
901 -0.416667
902 2.55556
903 2.52778
904 1.55556
905 -1.25
906 0.333333
907 2.33333
908 -0.5
909 2.66667
910 3.72222
911 2.75
912 3.11111
913 1.41667
914 4.61111
915 4.80556
916 7.22222
917 -1.19444
918 3.5
919 4.91667
920 3.97222
921 1.91667
922 7.72222
923 4.63889
924 5.72222
925 1.72222
926 0.416667
927 0.861111
928 2.47222
929 3.58333
930 1.77778
931 0.722222
932 2.5
933 2.41667
934 1.55556
935 9.33333
936 16.8889
937 13.3333
938 14.4722
939 12.8056
940 8.94444
941 5.86111
942 4.63889
943 1.5
944 1.77778
945 -1.30556
946 1.83333
947 5.11111
948 0.694444
949 0.111111
950 0.694444
951 4.80556
952 2.94444
953 2.88889
954 -1.19444
955 0.0833333
956 2.25
957 3
958 1.05556
959 3.05556
960 1.27778
961 -0.888889
962 3.19444
963 3.33333
964 1.16667
965 0.0833333
966 2.11111
967 5.47222
968 2.77778
969 2.27778
970 0.388889
971 2.72222
972 3.11111
973 2.16667
974 4.33333
975 7.08333
976 16.0556
977 19.2778
978 21.9167
979 16.8333
980 5.55556
981 9.44444
982 4.30556
983 1.5
984 1.38889
985 3.5
986 3.66667
987 2.80556
988 -0.777778
989 -0.194444
990 3.75
991 1.69444
992 2.86111
993 0.861111
994 0.861111
995 4.80556
996 5.75
997 2.83333
998 4.69444
999 2.86111
1000 0.777778
1001 2.72222
1002 2.77778
1003 -0.638889
1004 -0.583333
1005 2.66667
1006 6.75
1007 0.75
1008 3.52778
1009 1.69444
1010 6.83333
1011 -0.222222
1012 1.88889
1013 1.47222
1014 1.66667
1015 1.08333
1016 0.861111
1017 2
1018 -0.416667
1019 2.63889
1020 2.97222
1021 5.66667
1022 1.94444
1023 4.72222
1024 3.5
1025 0.916667
1026 1.83333
1027 -1.22222
1028 3.83333
1029 0.138889
1030 0.916667
1031 5
1032 1.86111
1033 4
1034 1.97222
1035 2.80556
1036 0.305556
1037 1.08333
1038 1.75
1039 0.972222
1040 1.02778
1041 1.83333
1042 4
1043 3.33333
1044 1.86111
1045 -0.194444
1046 1.22222
1047 1.86111
1048 -0.194444
1049 2.91667
1050 5.75
1051 4
1052 0.638889
1053 -0.0555556
1054 1.69444
1055 2.16667
1056 3.69444
1057 0.25
1058 -0.111111
1059 -1.38889
1060 1.94444
1061 -0.0555556
1062 0.444444
1063 -0.0555556
1064 4
1065 1.88889
1066 3.08333
1067 1.80556
1068 2.05556
1069 0.527778
1070 0.833333
1071 0.916667
1072 3.72222
1073 2.58333
1074 0.944444
1075 0
1076 0.805556
1077 0.166667
1078 3.66667
1079 0.722222
1080 0.111111
1081 -0.166667
1082 0.694444
1083 0.888889
1084 2.77778
1085 2.02778
1086 1.02778
1087 0.75
1088 4.83333
1089 0.0277778
1090 3.08333
1091 7.80556
1092 1.97222
1093 2
1094 3.69444
1095 0.305556
1096 -0.166667
1097 0.805556
1098 1.13889
1099 1.94444
1100 0.305556
1101 4.11111
1102 5.05556
1103 4.69444
1104 2.61111
1105 2.13889
1106 1.86111
1107 -1.33333
1108 2.55556
1109 -1.47222
1110 -1.13889
1111 1.47222
1112 0.916667
1113 5.47222
1114 -0.138889
1115 1.61111
1116 1.38889
1117 0.75
1118 1.55556
1119 0.722222
1120 1.61111
1121 3.52778
1122 2.08333
1123 3.63889
1124 2.77778
1125 1.94444
1126 0.611111
1127 2.80556
1128 2.72222
1129 1.55556
1130 0.666667
1131 -0.25
1132 2.77778
1133 1.83333
1134 1.08333
1135 4.80556
1136 1.16667
1137 0.555556
1138 2.97222
1139 4.66667
1140 3.08333
1141 1.47222
1142 -0.25
1143 -0.25
1144 2.02778
1145 2.11111
1146 -0.888889
1147 1.80556
1148 2.66667
1149 2.11111
1150 0.972222
1151 0.805556
1152 0.0555556
1153 5.88889
1154 2.80556
1155 2.97222
1156 3.25
1157 1.02778
1158 3.91667
1159 -0.0555556
1160 6.75
1161 7.52778
1162 8.61111
1163 6.52778
1164 1.08333
1165 3.80556
1166 2.88889
1167 2.88889
1168 0.833333
1169 3.86111
1170 4.97222
1171 -1.22222
1172 0.138889
1173 -0.805556
1174 4.88889
1175 1.19444
1176 3.72222
1177 2.05556
1178 1.75
1179 -0.0277778
1180 -0.666667
1181 3.25
1182 1.16667
1183 3.41667
1184 0.166667
1185 0.972222
1186 0.972222
1187 4.25
1188 2.41667
1189 -0.5
1190 0.944444
1191 -1.19444
1192 1.22222
1193 1.30556
1194 0.305556
1195 2.05556
1196 0.0833333
1197 1.05556
1198 0.194444
1199 1.19444
1200 0.972222
1201 2.16667
1202 1.97222
1203 2.22222
1204 1.19444
1205 1.91667
1206 0.388889
1207 1.30556
1208 1.13889
1209 4.19444
1210 3
1211 7.11111
1212 2.05556
1213 2.16667
1214 1.33333
1215 1.83333
1216 0
1217 -0.138889
1218 -0.888889
1219 1.16667
1220 5.27778
1221 0.833333
1222 2
1223 2.11111
1224 4.19444
1225 0.916667
1226 0.916667
1227 -0.0555556
1228 2.02778
1229 2.19444
1230 3.66667
1231 3.25
1232 2.94444
1233 1.97222
1234 -0.75
1235 0.138889
1236 3.25
1237 2.11111
1238 1.05556
1239 1.16667
1240 2.05556
1241 2
1242 3.19444
1243 2.27778
1244 0.388889
1245 1.27778
1246 -0.972222
1247 2
1248 -0.944444
1249 2.27778
1250 2.36111
1251 4.19444
1252 4.97222
1253 2.94444
1254 3.97222
1255 1.27778
1256 2.33333
1257 4.02778
1258 5.05556
1259 -0.694444
1260 2.16667
1261 3.33333
1262 3
1263 2.05556
1264 3.08333
1265 1.97222
1266 2.19444
1267 5.11111
1268 1.97222
1269 -0.138889
1270 0.194444
1271 1.13889
1272 0.277778
1273 0
1274 0.0555556
1275 3.11111
1276 4.16667
1277 2.05556
1278 2.75
1279 1.66667
1280 -0.25
1281 0.944444
1282 1.13889
1283 2.05556
1284 0.805556
1285 1.11111
1286 5.11111
1287 2.27778
1288 1.22222
1289 1.36111
1290 1.22222
1291 2.33333
1292 3.19444
1293 5.11111
1294 1.30556
1295 2.25
1296 1.91667
1297 1.30556
1298 2.36111
1299 1.30556
1300 0.361111
1301 3.19444
1302 5.41667
1303 0.138889
1304 1.30556
1305 1.88889
1306 0.305556
1307 0.0277778
1308 2.27778
1309 3.27778
1310 1.33333
1311 1.19444
1312 2.27778
1313 0.111111
1314 1.16667
1315 -0.888889
1316 0.305556
1317 -0.861111
1318 2.33333
1319 1.16667
1320 3.41667
1321 2.52778
1322 5.08333
1323 3.30556
1324 2.11111
1325 1.83333
1326 2
1327 3.36111
1328 1.25
1329 -0.972222
1330 1.02778
1331 2.08333
1332 2.13889
1333 1.08333
1334 1.80556
1335 1.13889
1336 4.25
1337 1.86111
1338 4.41667
1339 2.36111
1340 2.05556
1341 1.44444
1342 -0.0833333
1343 2.80556
1344 1.25
1345 1.13889
1346 0.25
1347 1.97222
1348 -0.777778
1349 0.0277778
1350 1
1351 0
1352 4.02778
1353 0.944444
1354 3.11111
1355 1.22222
1356 0.416667
1357 0.305556
1358 1.97222
1359 1.27778
1360 1.16667
1361 2.30556
1362 1.16667
1363 2.05556
1364 2.02778
1365 2.25
1366 2.41667
1367 1.83333
1368 1.13889
1369 3.11111
1370 4.88889
1371 1.22222
1372 1.30556
1373 2.27778
1374 4.08333
1375 2.44444
1376 1.19444
1377 0.25
1378 1.33333
1379 2.16667
1380 2.16667
1381 1.11111
1382 -0.75
1383 2.27778
1384 3
1385 4.22222
1386 1.27778
1387 2.38889
1388 1.19444
1389 0.388889
1390 1.16667
1391 2.16667
1392 4.19444
1393 4.30556
1394 2.33333
1395 0
1396 1.25
1397 1.36111
1398 4.19444
1399 1.25
1400 2.97222
1401 -0.833333
1402 1.05556
1403 1.22222
1404 3.05556
1405 1.30556
1406 -0.166667
1407 3.25
1408 2.36111
1409 3
1410 0.222222
1411 0.444444
1412 1.38889
1413 4.38889
1414 2.13889
1415 4.05556
1416 2.38889
1417 0.555556
1418 -0.833333
1419 2.02778
1420 2.30556
1421 0.0833333
1422 1.30556
1423 1.19444
1424 0.472222
1425 -0.833333
1426 4.83333
1427 -1.05556
1428 3.13889
1429 2.88889
1430 2.05556
1431 2.08333
1432 0.416667
1433 0.25
1434 1.41667
1435 3.08333
1436 0.138889
1437 5.33333
1438 0.333333
1439 2.16667
1440 5.27778
1441 1.44444
1442 1.19444
1443 0.0277778
1444 3.36111
1445 3.11111
1446 4.86111
1447 2.38889
1448 8.13889
1449 3.44444
1450 8.86111
1451 2.11111
1452 2.13889
1453 2.55556
1454 0.416667
1455 2.47222
1456 1.30556
1457 5.27778
1458 1.41667
1459 1.22222
1460 0.416667
1461 4.41667
1462 1.19444
1463 0.472222
1464 0.5
1465 0.5
1466 0.333333
1467 -0.583333
1468 1.30556
1469 1.38889
1470 1.27778
1471 0.277778
1472 0.333333
1473 0.333333
1474 3.41667
1475 0.722222
1476 0.333333
1477 1.30556
1478 0.194444
1479 2.11111
1480 2.5
1481 1
1482 1.11111
1483 1.55556
1484 4.30556
1485 4.25
1486 0.472222
1487 3.47222
1488 1.33333
1489 0.472222
1490 1.5
1491 -1.05556
1492 2.44444
1493 5.33333
1494 -0.611111
1495 2.16667
1496 -0.833333
1497 4.41667
1498 1.36111
1499 2.33333
1500 2.16667
1501 3.44444
1502 -0.638889
1503 3.33333
1504 2.36111
1505 5.27778
1506 1.30556
1507 2.19444
1508 2.30556
1509 3.11111
1510 2.38889
1511 0.555556
1512 0.166667
1513 1.5
1514 -0.75
1515 3.5
1516 4.41667
1517 -0.805556
1518 2.36111
1519 3.13889
1520 -0.5
1521 2.30556
1522 1.38889
1523 1.11111
1524 1.41667
1525 6.19444
1526 0.194444
1527 3.27778
1528 1.02778
1529 5.05556
1530 3.19444
1531 0.444444
1532 2.22222
1533 1.41667
1534 2.30556
1535 0.333333
1536 2.11111
1537 0.972222
1538 3.61111
1539 5.11111
1540 4.11111
1541 1.27778
1542 2.36111
1543 1.38889
1544 2.5
1545 0.277778
1546 -0.527778
1547 0.361111
1548 1.33333
1549 2.47222
1550 1.52778
1551 1.47222
1552 3.52778
1553 0.527778
1554 2.55556
1555 0.222222
1556 3.41667
1557 0.138889
1558 2.55556
1559 1.33333
1560 0.25
1561 3.41667
1562 0.472222
1563 4.58333
1564 1.58333
1565 1.27778
1566 0.25
1567 3.41667
1568 2.27778
1569 4.58333
1570 2.36111
1571 2.08333
1572 1.58333
1573 1.52778
1574 2.44444
1575 0.583333
1576 2.30556
1577 0.472222
1578 0.25
1579 3.13889
1580 -0.388889
1581 0.222222
1582 0.611111
1583 3.55556
1584 0.5
1585 1.47222
1586 0.416667
1587 -0.0277778
1588 0.138889
1589 1.30556
1590 4.33333
1591 4.5
1592 1.41667
1593 0.555556
1594 2.58333
1595 2.25
1596 5.41667
1597 0.555556
1598 2.61111
1599 0.5
1600 -0.666667
1601 0.5
1602 -0.638889
1603 -0.555556
1604 0.305556
1605 0.444444
1606 1.27778
1607 3.5
1608 -0.611111
1609 1.22222
1610 1.22222
1611 2.52778
1612 1.41667
1613 1.55556
1614 1.44444
1615 1.58333
1616 -0.722222
1617 0.472222
1618 0.5
1619 3.36111
1620 0.555556
1621 0.388889
1622 2.41667
1623 1.52778
1624 2.52778
1625 1.33333
1626 0.444444
1627 2.47222
1628 0.666667
1629 0.416667
1630 4.47222
1631 4.47222
1632 0.277778
1633 1.41667
1634 -0.777778
1635 0.222222
1636 1.44444
1637 4.61111
1638 1.41667
1639 5.44444
1640 0.388889
1641 3.61111
1642 4.38889
1643 0.25
1644 0.305556
1645 0.388889
1646 -0.666667
1647 0.527778
1648 1.33333
1649 3.38889
1650 1.16667
1651 3.27778
1652 0.361111
1653 0.166667
1654 0.194444
1655 3.44444
1656 1.33333
1657 3.22222
1658 2.38889
1659 4.30556
1660 2.41667
1661 1.44444
1662 1.44444
1663 2.33333
1664 1.5
1665 0.277778
1666 1.58333
1667 0.416667
1668 1.61111
1669 1.33333
1670 1.22222
1671 1.41667
1672 2.44444
1673 1.25
1674 0.416667
1675 0.472222
1676 1.5
1677 -0.5
1678 2.63889
1679 0.611111
1680 1.61111
1681 2.69444
1682 2.61111
1683 6.27778
1684 0.25
1685 0.388889
1686 3.94444
1687 0.527778
1688 0.222222
1689 0.444444
1690 1.38889
1691 0.388889
1692 1.38889
1693 1.5
1694 4.44444
1695 2.25
1696 2.30556
1697 2.41667
1698 5.55556
1699 3.38889
1700 0.444444
1701 2.27778
1702 4.5
1703 0.388889
1704 3.72222
1705 -0.611111
1706 2.25
1707 1.33333
1708 1.41667
1709 0.444444
1710 2.13889
1711 2.41667
1712 5.5
1713 0.638889
1714 4.61111
1715 2.58333
1716 1.38889
1717 0.5
1718 2.52778
1719 3.36111
1720 2.58333
1721 3.52778
1722 -0.527778
1723 2.38889
1724 3.52778
1725 0.638889
1726 6.41667
1727 1.41667
1728 7.44444
1729 4.47222
1730 1.36111
1731 2.33333
1732 2.5
1733 0.527778
1734 3.36111
1735 -0.555556
1736 2.38889
1737 2.33333
1738 -0.638889
1739 3.44444
1740 2.36111
1741 3.38889
1742 2.5
1743 2.44444
1744 0.472222
1745 -0.888889
1746 2.55556
1747 2.55556
1748 1.55556
1749 1.5
1750 3.58333
1751 0.416667
1752 2.36111
1753 4.63889
1754 0.416667
1755 -0.555556
1756 -0.388889
1757 6.55556
1758 3.44444
1759 3.38889
1760 3.52778
1761 5.52778
1762 -0.722222
1763 1.58333
1764 1.52778
1765 2.5
1766 1.44444
1767 3.52778
1768 1.52778
1769 4.38889
1770 3.41667
1771 5.44444
1772 2.38889
1773 4.63889
1774 5.08333
1775 4.77778
1776 3.19444
1777 0.361111
1778 0.555556
1779 1.47222
1780 -0.333333
1781 3.63889
1782 2.41667
1783 3.41667
1784 1.25
1785 2.36111
1786 1.63889
1787 1.47222
1788 -0.555556
1789 1.25
1790 0.472222
1791 1.41667
1792 0.361111
1793 5.36111
1794 1.5
1795 2.55556
1796 2.61111
1797 1.5
1798 2.44444
1799 1.69444
1800 6.47222
1801 -0.472222
1802 2.33333
1803 -0.444444
1804 1.69444
1805 3.55556
1806 2.61111
1807 2.33333
1808 4.55556
1809 2.61111
1810 0.611111
1811 2.66667
1812 4.33333
1813 0.388889
1814 1.36111
1815 -0.666667
1816 2.58333
1817 1.5
1818 2.47222
1819 3.36111
1820 -0.555556
1821 1.61111
1822 0.5
1823 2.38889
1824 1.33333
1825 1.47222
1826 2.41667
1827 -0.694444
1828 3.5
1829 4.33333
1830 3.36111
1831 3.55556
1832 -0.5
1833 1.47222
1834 1.47222
1835 1.61111
1836 1.69444
1837 3.41667
1838 4.5
1839 4.58333
1840 4.33333
1841 0.555556
1842 0.527778
1843 2.30556
1844 -0.361111
1845 1.61111
1846 2.52778
1847 1.61111
1848 0.583333
1849 4.52778
1850 3.5
1851 5.47222
1852 0.333333
1853 0.444444
1854 2.52778
1855 0.361111
1856 1.5
1857 2.63889
1858 1.58333
1859 -0.611111
1860 2.61111
1861 3.41667
1862 1.63889
1863 4.55556
1864 2.13889
1865 7.66667
1866 1.5
1867 2.55556
1868 3.41667
1869 4.5
1870 0.611111
1871 2.58333
1872 2.52778
1873 4.58333
1874 2.47222
1875 0.5
1876 1.72222
1877 0.527778
1878 4.44444
1879 0.583333
1880 2.5
1881 0.527778
1882 5.66667
1883 4.58333
1884 1.55556
1885 4.52778
1886 2.63889
1887 1.47222
1888 1.47222
1889 1.61111
1890 4.47222
1891 2.41667
1892 3.47222
1893 0.472222
1894 2.47222
1895 1.5
1896 2.52778
1897 2.55556
1898 3.88889
1899 2.5
1900 1.5
1901 4.36111
1902 5.55556
1903 2.44444
1904 0.5
1905 0.583333
1906 2.36111
1907 1.47222
1908 2.44444
1909 2.5
1910 3.61111
1911 10.5556
1912 4.5
1913 3.47222
1914 0.527778
1915 1.38889
1916 6.47222
1917 1.58333
1918 2.33333
1919 1.52778
1920 5.44444
1921 2.52778
1922 4.36111
1923 0.444444
1924 3.52778
1925 0.472222
1926 2.41667
1927 3.61111
1928 5.63889
1929 1.58333
1930 0.472222
1931 1.19444
1932 2.55556
1933 -0.666667
1934 1.5
1935 4.47222
1936 1.44444
1937 2.52778
1938 5.83333
1939 2.52778
1940 0.25
1941 1.41667
1942 1.44444
1943 1.5
1944 1.44444
1945 1.66667
1946 5.44444
1947 2.38889
1948 0.555556
1949 2.63889
1950 1.69444
1951 2.61111
1952 2.44444
1953 1.55556
1954 5.33333
1955 1.36111
1956 3.5
1957 2.33333
1958 5.41667
1959 2.55556
1960 1.55556
1961 1.47222
1962 0.444444
1963 2.52778
1964 3.5
1965 3.5
1966 2.63889
1967 3.58333
1968 0.611111
1969 1.63889
1970 0.638889
1971 4.52778
1972 1.47222
1973 3.5
1974 -0.472222
1975 0.666667
1976 2.41667
1977 -0.333333
1978 2.52778
1979 0.666667
1980 2.69444
1981 1.47222
1982 0.611111
1983 3.58333
1984 3.55556
1985 2.38889
1986 1.38889
1987 0.694444
1988 1.47222
1989 1.58333
1990 1.33333
1991 0.722222
1992 0.444444
1993 1.55556
1994 4.72222
1995 2.58333
1996 1.55556
1997 2.58333
1998 0.694444
1999 -0.5
2000 2.63889
2001 0.527778
2002 2.58333
2003 -0.638889
2004 2.44444
2005 -0.25
2006 1.36111
2007 0.611111
2008 3.55556
2009 3.69444
2010 1.47222
2011 3.38889
2012 1.5
2013 -0.25
2014 2.63889
2015 0.527778
2016 0.611111
2017 0.777778
2018 1.63889
2019 2.5
2020 -0.194444
2021 1.55556
2022 2.58333
2023 2.55556
2024 0.388889
2025 1.55556
2026 3.66667
2027 2.63889
2028 2.52778
2029 3.55556
2030 0.694444
2031 2.5
2032 0.722222
2033 1.66667
2034 0.638889
2035 2.58333
2036 0.694444
2037 1.69444
2038 3.75
2039 -0.388889
2040 0.527778
2041 2.55556
2042 2.30556
2043 1.36111
2044 0.5
2045 1.58333
2046 -0.361111
2047 0.722222
2048 0.861111
2049 2.75
2050 0.666667
2051 3.61111
2052 1.66667
2053 1.69444
2054 2.66667
2055 -0.361111
2056 0.75
2057 0.666667
2058 1.61111
2059 -0.305556
2060 -0.305556
2061 0.638889
2062 0.583333
2063 0.611111
2064 1.61111
2065 2.58333
2066 0.666667
2067 0.555556
2068 -0.416667
2069 0.555556
2070 -0.361111
2071 0.75
2072 2.52778
2073 0.638889
2074 1.66667
2075 1.58333
2076 2.69444
2077 0.777778
2078 -0.333333
2079 3.69444
2080 2.5
2081 0.611111
2082 2.58333
2083 -0.333333
2084 2.77778
2085 1.63889
2086 1.69444
2087 0.833333
2088 1.58333
2089 2.58333
2090 2.58333
2091 -0.333333
2092 1.44444
2093 1.69444
2094 -0.361111
2095 0.638889
2096 -0.444444
2097 0.555556
2098 1.75
2099 -0.416667
2100 2.5
2101 1.66667
2102 1.63889
2103 0.638889
2104 1.80556
2105 -0.444444
2106 1.5
2107 3.44444
2108 1.75
2109 3.69444
2110 0.416667
2111 -0.444444
2112 1.61111
2113 1.63889
2114 0.555556
2115 1.66667
2116 -0.416667
2117 0.694444
2118 -0.194444
2119 -0.361111
2120 1.61111
2121 1.52778
2122 0.527778
2123 2.75
2124 0.666667
2125 0.666667
2126 1.55556
2127 -0.444444
2128 0.611111
2129 -0.361111
2130 1.66667
2131 0.555556
2132 1.69444
2133 0.666667
2134 0.5
2135 0.722222
2136 -0.361111
2137 1.75
2138 1.75
2139 -0.25
2140 1.52778
2141 -0.305556
2142 0.75
2143 0.638889
2144 0.583333
2145 0.666667
2146 1.77778
2147 0.666667
2148 -0.333333
2149 0.722222
2150 -0.388889
2151 1.47222
2152 1.5
2153 -0.388889
2154 -0.444444
2155 0.611111
2156 0.722222
2157 3.5
2158 -0.166667
2159 -0.277778
2160 0.527778
2161 0.833333
2162 -0.277778
2163 -0.277778
2164 0.694444
2165 1.69444
2166 0.583333
2167 1.55556
2168 0.75
2169 0.638889
2170 0.583333
2171 1.69444
2172 0.527778
2173 0.666667
2174 3.55556
2175 -0.5
2176 0.666667
2177 0.638889
2178 0.555556
2179 -0.277778
2180 -0.388889
2181 0.583333
2182 0.5
2183 1.33333
2184 0.777778
2185 1.52778
2186 2.58333
2187 -0.555556
2188 0.888889
2189 -0.333333
2190 2.61111
2191 -0.194444
2192 1.66667
2193 -0.277778
2194 0.777778
2195 0.555556
2196 0.833333
2197 0.75
2198 -0.388889
2199 0.638889
2200 2.61111
2201 0.583333
2202 -0.444444
2203 1.66667
2204 0.611111
2205 -0.361111
2206 -0.25
2207 -0.444444
2208 1.69444
2209 0.75
2210 1.69444
2211 2.72222
2212 0.527778
2213 0.75
2214 -0.444444
2215 1.69444
2216 -0.361111
2217 0.666667
2218 0.777778
2219 0.722222
2220 1.63889
2221 2.63889
2222 -0.5
2223 1.83333
2224 0.611111
2225 0.555556
2226 -0.361111
2227 0.583333
2228 0.777778
2229 -0.277778
2230 -0.25
2231 0.833333
2232 -0.361111
2233 2.44444
2234 -0.111111
2235 1.77778
2236 -0.222222
2237 -0.361111
2238 0.666667
2239 -0.305556
2240 1.61111
2241 -0.333333
2242 -0.333333
2243 -0.25
2244 -0.166667
2245 0.722222
2246 0.444444
2247 0.722222
2248 -0.333333
2249 2.80556
2250 1.75
2251 -0.277778
2252 0.805556
2253 0.722222
2254 -0.277778
2255 -0.25
2256 -0.333333
2257 -0.5
2258 0.694444
2259 0.583333
2260 -0.277778
2261 -0.388889
2262 -0.444444
2263 0.888889
2264 0.611111
2265 -0.388889
2266 0.694444
2267 0.805556
2268 -0.25
2269 -0.555556
2270 -0.388889
2271 -0.194444
2272 -0.416667
2273 0.5
2274 -0.361111
2275 -0.388889
2276 0.611111
2277 0.638889
2278 0.75
2279 -0.194444
2280 -0.138889
2281 0.611111
2282 1.69444
2283 -0.416667
2284 1.86111
2285 0.694444
2286 -0.305556
2287 -0.444444
2288 0.638889
2289 0.722222
2290 -0.25
2291 1.63889
2292 0.833333
2293 -0.527778
2294 1.72222
2295 -0.444444
2296 -0.388889
2297 3.63889
2298 5.61111
2299 21.5833
2300 33.6389
2301 59.1389
2302 75.3056
2303 87.2778
2304 82.3889
2305 73.25
2306 48.8056
2307 31.3611
2308 16.6111
2309 6.66667
2310 -0.222222
2311 0.861111
2312 0.888889
2313 0.694444
2314 -0.277778
2315 -0.444444
2316 -0.416667
2317 -0.25
2318 -0.111111
2319 -0.222222
2320 0.666667
2321 -0.444444
2322 0.833333
2323 -0.361111
2324 -0.333333
2325 -0.222222
2326 -0.166667
2327 -0.527778
2328 0.638889
2329 0.694444
2330 -0.138889
2331 0.694444
2332 1.66667
2333 -0.222222
2334 0.722222
2335 0.861111
2336 -0.416667
2337 0.666667
2338 0.722222
2339 -0.333333
2340 -0.138889
2341 -0.166667
2342 -0.555556
2343 -0.277778
2344 -0.277778
2345 -0.25
2346 -0.333333
2347 -0.333333
2348 0.861111
2349 -0.388889
2350 1.5
2351 -0.472222
2352 -0.25
2353 0.666667
2354 0.75
2355 -0.25
2356 0.722222
2357 0.638889
2358 0.5
2359 -0.194444
2360 1.86111
2361 -0.527778
2362 -0.111111
2363 -0.222222
2364 -0.305556
2365 -0.472222
2366 -0.305556
2367 0.75
2368 -0.305556
2369 0.555556
2370 -0.305556
2371 -0.166667
2372 -0.361111
2373 -0.277778
2374 -0.388889
2375 -0.361111
2376 -0.277778
2377 -0.277778
2378 -0.472222
2379 -0.444444
2380 0.666667
2381 2.77778
2382 0.75
2383 0.694444
2384 1.80556
2385 0.722222
2386 -0.361111
2387 0.666667
2388 -0.305556
2389 0.722222
2390 -0.416667
2391 -0.444444
2392 -0.25
2393 -0.194444
2394 -0.277778
2395 -0.138889
2396 -0.25
2397 -0.305556
2398 -0.277778
2399 0.722222
2400 -0.305556
2401 -0.222222
2402 -0.333333
2403 1.83333
2404 -0.277778
2405 -0.305556
2406 0.75
2407 -0.333333
2408 0.777778
2409 -0.25
2410 -0.222222
2411 -0.305556
2412 -0.305556
2413 1.75
2414 0.833333
2415 -0.361111
2416 2.66667
2417 0.666667
2418 0.833333
2419 -0.305556
2420 0.638889
2421 -0.333333
2422 0.805556
2423 -0.194444
2424 -0.277778
2425 -0.194444
2426 -0.166667
2427 -0.444444
2428 -0.333333
2429 0.722222
2430 -0.277778
2431 -0.222222
2432 0.611111
2433 -0.277778
2434 0.805556
2435 -0.333333
2436 0.694444
2437 0.722222
2438 1.77778
2439 0.722222
2440 -0.333333
2441 -0.222222
2442 0.805556
2443 -0.388889
2444 -0.277778
2445 -0.25
2446 -0.194444
2447 -0.138889
2448 -0.277778
2449 -0.388889
2450 -0.111111
2451 -0.222222
2452 0.638889
2453 0.777778
2454 -0.25
2455 -0.277778
2456 -0.194444
2457 0.805556
2458 0.75
2459 -0.333333
2460 -0.305556
2461 -0.277778
2462 -0.194444
2463 1.88889
2464 -0.333333
2465 -0.194444
2466 -0.25
2467 0.75
2468 -0.25
2469 -0.305556
2470 -0.277778
2471 -0.472222
2472 -0.25
2473 -0.472222
2474 -0.194444
2475 -0.333333
2476 0.722222
2477 0.75
2478 -0.305556
2479 -0.194444
2480 -0.194444
2481 0.861111
2482 -0.138889
2483 -0.166667
2484 -0.305556
2485 -0.166667
2486 -0.361111
2487 -0.166667
2488 0.916667
2489 -0.166667
2490 2.75
2491 -0.305556
2492 -0.25
2493 0.583333
2494 0.833333
2495 -0.138889
2496 -0.222222
2497 0.638889
2498 -0.25
2499 -0.361111
2500 -0.555556
2501 0.694444
2502 2.58333
2503 -0.444444
2504 -0.333333
2505 0.694444
2506 0.583333
2507 1.58333
2508 1.52778
2509 2.61111
2510 0.444444
2511 -0.555556
2512 -0.388889
2513 -0.25
2514 0.805556
2515 -0.277778
2516 0.611111
2517 2.91667
2518 -0.194444
2519 -0.361111
2520 -0.111111
2521 0.75
2522 -0.166667
2523 -0.361111
2524 -0.111111
2525 0.722222
2526 0.805556
2527 0.805556
2528 -0.166667
2529 0.777778
2530 -0.25
2531 0.805556
2532 -0.277778
2533 -0.361111
2534 -0.25
2535 -0.222222
2536 -0.138889
2537 -0.277778
2538 -0.194444
2539 -0.166667
2540 -0.222222
2541 -0.194444
2542 -0.138889
2543 -0.361111
2544 0.638889
2545 -0.138889
2546 0.75
2547 -0.138889
2548 0.722222
2549 -0.25
2550 -0.166667
2551 -0.361111
2552 1.61111
2553 0.833333
2554 -0.333333
2555 0.777778
2556 -0.388889
2557 -0.333333
2558 0.805556
2559 -0.333333
2560 -0.416667
2561 -0.194444
2562 0.75
2563 0.805556
2564 -0.166667
2565 -0.361111
2566 -0.222222
2567 -0.166667
2568 -0.444444
2569 0.75
2570 -0.388889
2571 0.833333
2572 -0.166667
2573 -0.222222
2574 -0.194444
2575 -0.194444
2576 -0.194444
2577 -0.333333
2578 -0.361111
2579 -0.277778
2580 0.777778
2581 -0.305556
2582 0.944444
2583 -0.277778
2584 1.86111
2585 -0.333333
2586 -0.194444
2587 -0.111111
2588 -0.277778
2589 -0.277778
2590 0.805556
2591 -0.25
2592 -0.194444
2593 -0.222222
2594 -0.222222
2595 -0.138889
2596 0.805556
2597 -0.194444
2598 -0.25
2599 -0.222222
2600 -0.25
2601 -0.111111
2602 -0.138889
2603 0.861111
2604 0.777778
2605 -0.305556
2606 0.694444
2607 0.777778
2608 1.86111
2609 -0.166667
2610 -0.5
2611 0.666667
2612 0.694444
2613 -0.277778
2614 -0.277778
2615 -0.222222
2616 1.88889
2617 -0.25
2618 -0.305556
2619 0.833333
2620 -0.444444
2621 -0.111111
2622 -0.166667
2623 -0.222222
2624 1.72222
2625 -0.0555556
2626 0.75
2627 -0.277778
2628 -0.166667
2629 -0.333333
2630 -0.277778
2631 -0.305556
2632 -0.416667
2633 -0.277778
2634 -0.166667
2635 0.861111
2636 -0.444444
2637 1.88889
2638 -0.388889
2639 0.833333
2640 0.777778
2641 0.805556
2642 -0.166667
2643 0.611111
2644 -0.388889
2645 0.833333
2646 -0.277778
2647 -0.222222
2648 -0.305556
2649 -0.166667
2650 -0.305556
2651 -0.222222
2652 -0.166667
2653 -0.333333
2654 0.694444
2655 0.694444
2656 -0.194444
2657 -0.111111
2658 -0.111111
2659 -0.166667
2660 -0.222222
2661 -0.25
2662 -0.222222
2663 -0.277778
2664 -0.222222
2665 -0.277778
2666 -0.138889
2667 -0.25
2668 2.77778
2669 -0.194444
2670 -0.194444
2671 -0.333333
2672 -0.305556
2673 0.666667
2674 1.72222
2675 0.722222
2676 -0.25
2677 0.861111
2678 -0.222222
2679 -0.194444
2680 -0.222222
2681 -0.25
2682 0.611111
2683 -0.277778
2684 -0.222222
2685 -0.222222
2686 -0.277778
2687 -0.111111
2688 -0.194444
2689 -0.305556
2690 -0.194444
2691 -0.0833333
2692 -0.222222
2693 -0.138889
2694 -0.0555556
2695 -0.166667
2696 -0.25
2697 0.861111
2698 -0.194444
2699 -0.222222
2700 -0.305556
2701 0.777778
2702 -0.25
2703 -0.194444
2704 0.75
2705 -0.305556
2706 -0.388889
2707 -0.166667
2708 0.888889
2709 -0.277778
2710 -0.194444
2711 -0.138889
2712 -0.138889
2713 0.75
2714 -0.222222
2715 -0.111111
2716 -0.333333
2717 0.722222
2718 1.77778
2719 -0.166667
2720 0.722222
2721 -0.333333
2722 -0.444444
2723 2.5
2724 1.66667
2725 -0.25
2726 0.694444
2727 -0.222222
2728 -0.111111
2729 -0.222222
2730 -0.166667
2731 0.638889
2732 -0.222222
2733 -0.222222
2734 -0.25
2735 0.916667
2736 -0.138889
2737 -0.444444
2738 -0.277778
2739 -0.305556
2740 0.694444
2741 -0.0833333
2742 -0.277778
2743 -0.25
2744 0.833333
2745 -0.166667
2746 -0.222222
2747 -0.222222
2748 0.861111
2749 0.75
2750 -0.0555556
2751 0.805556
2752 -0.25
2753 -0.166667
2754 -0.194444
2755 -0.194444
2756 -0.25
2757 -0.138889
2758 -0.194444
2759 -0.138889
2760 0.888889
2761 -0.25
2762 -0.194444
2763 -0.194444
2764 -0.194444
2765 -0.222222
2766 -0.25
2767 -0.25
2768 -0.361111
2769 0.888889
2770 -0.138889
2771 -0.25
2772 -0.5
2773 1.58333
2774 2.55556
2775 2.94444
2776 2.13889
2777 3.16667
2778 4.27778
2779 0.361111
2780 1.63889
2781 0.75
2782 -0.194444
2783 -0.166667
2784 0.805556
2785 -0.277778
2786 -0.25
2787 0.722222
2788 -0.25
2789 -0.333333
2790 -0.194444
2791 -0.194444
2792 0.722222
2793 -0.166667
2794 1.86111
2795 -0.166667
2796 -0.111111
2797 0.555556
2798 0.75
2799 -0.277778
2800 -0.194444
2801 -0.111111
2802 -0.0833333
2803 -0.277778
2804 -0.25
2805 0.75
2806 -0.138889
2807 -0.138889
2808 -0.305556
2809 -0.25
2810 -0.166667
2811 1.91667
2812 -0.194444
2813 -0.0833333
2814 -0.138889
2815 -0.138889
2816 -0.138889
2817 -0.194444
2818 -0.222222
2819 0.861111
2820 -0.222222
2821 -0.166667
2822 -0.111111
2823 -0.222222
2824 0.944444
2825 -0.25
2826 0.833333
2827 0.75
2828 -0.194444
2829 -0.277778
2830 -0.25
2831 -0.0555556
2832 -0.361111
2833 -0.222222
2834 -0.0555556
2835 -0.222222
2836 -0.194444
2837 -0.194444
2838 -0.166667
2839 1.83333
2840 0.666667
2841 -0.166667
2842 -0.194444
2843 -0.416667
2844 -0.361111
2845 -0.416667
2846 -0.0833333
2847 0.833333
2848 -0.222222
2849 -0.111111
2850 -0.25
2851 -0.194444
2852 -0.277778
2853 -0.166667
2854 -0.111111
2855 -0.222222
2856 -0.222222
2857 0.805556
2858 -0.194444
2859 -0.222222
2860 -0.194444
2861 0.861111
2862 0.888889
2863 0.694444
2864 -0.166667
2865 0.888889
2866 0.694444
2867 1.77778
2868 -0.138889
2869 -0.0833333
2870 -0.277778
2871 -0.194444
2872 -0.111111
2873 -0.111111
2874 0.805556
2875 0.861111
2876 0.833333
2877 0.777778
2878 -0.194444
2879 -0.194444
2880 -0.138889
2881 0.805556
2882 -0.277778
2883 0.805556
2884 0.777778
2885 -0.0833333
2886 -0.333333
2887 -0.166667
2888 -0.222222
2889 -0.222222
2890 -0.222222
2891 -0.222222
2892 -0.166667
2893 -0.194444
2894 -0.305556
2895 -0.194444
2896 0.888889
2897 -0.138889
2898 -0.25
2899 -0.305556
2900 1.80556
2901 -0.277778
2902 -0.305556
2903 -0.138889
2904 0.777778
2905 0.777778
2906 0.805556
2907 0.75
2908 0.638889
2909 -0.222222
2910 -0.138889
2911 0.916667
2912 -0.194444
2913 -0.111111
2914 -0.138889
2915 -0.111111
2916 0.777778
2917 -0.194444
2918 -0.361111
2919 -0.111111
2920 -0.361111
2921 -0.305556
2922 -0.166667
2923 -0.194444
2924 -0.0833333
2925 -0.0555556
2926 0.75
2927 -0.166667
2928 -0.111111
2929 -0.138889
2930 -0.166667
2931 -0.111111
2932 -0.0555556
2933 -0.222222
2934 -0.222222
2935 -0.138889
2936 -0.222222
2937 -0.166667
2938 -0.361111
2939 -0.111111
2940 -0.25
2941 -0.138889
2942 -0.25
2943 0.75
2944 -0.166667
2945 -0.222222
2946 -0.194444
2947 -0.194444
2948 -0.194444
2949 0.777778
2950 -0.166667
2951 -0.222222
2952 -0.138889
2953 -0.166667
2954 -0.166667
2955 -0.277778
2956 -0.277778
2957 -0.111111
2958 -0.194444
2959 -0.194444
2960 -0.277778
2961 -0.138889
2962 -0.138889
2963 -0.166667
2964 -0.0833333
2965 0.805556
2966 0.75
2967 -0.222222
2968 -0.222222
2969 -0.416667
2970 -0.138889
2971 -0.277778
2972 -0.277778
2973 -0.138889
2974 -0.194444
2975 -0.111111
2976 -0.194444
2977 -0.222222
2978 -0.138889
2979 0.833333
2980 0.805556
2981 -0.222222
2982 -0.166667
2983 0.722222
2984 -0.111111
2985 -0.222222
2986 -0.138889
2987 -0.25
2988 -0.194444
2989 -0.111111
2990 0.861111
2991 -0.166667
2992 0.777778
2993 -0.166667
2994 -0.305556
2995 -0.138889
2996 0.805556
2997 -0.166667
2998 -0.166667
2999 0.75
3000 -0.111111
3001 -0.222222
3002 -0.222222
3003 0.861111
3004 -0.111111
3005 -0.166667
3006 -0.194444
3007 0.722222
3008 -0.166667
3009 -0.166667
3010 -0.222222
3011 -0.222222
3012 -0.194444
3013 -0.305556
3014 -0.166667
3015 2.88889
3016 -0.111111
3017 -0.166667
3018 0.861111
3019 -0.166667
3020 0.75
3021 -0.0555556
3022 -0.222222
3023 -0.138889
3024 -0.138889
3025 0.805556
3026 -0.138889
3027 -0.111111
3028 0.777778
3029 -0.0555556
3030 1.88889
3031 0.805556
3032 0.916667
3033 -0.0555556
3034 -0.277778
3035 3.72222
3036 -0.194444
3037 -0.25
3038 -0.138889
3039 -0.222222
3040 -0.333333
3041 -0.277778
3042 -0.222222
3043 0.75
3044 -0.138889
3045 0.805556
3046 0.777778
3047 -0.361111
3048 0.916667
3049 1.77778
3050 -0.222222
3051 -0.166667
3052 -0.166667
3053 -0.194444
3054 -0.25
3055 -0.138889
3056 -0.277778
3057 -0.166667
3058 -0.0833333
3059 -0.194444
3060 -0.194444
3061 -0.0833333
3062 -0.166667
3063 -0.0833333
3064 -0.194444
3065 -0.166667
3066 -0.25
3067 0.805556
3068 -0.25
3069 0.777778
3070 -0.222222
3071 0.805556
3072 -0.166667
3073 -0.277778
3074 -0.138889
3075 -0.166667
3076 -0.111111
3077 -0.194444
3078 -0.166667
3079 -0.138889
3080 0.777778
3081 0.888889
3082 1.88889
3083 -0.138889
3084 0.916667
3085 -0.333333
3086 -0.138889
3087 0.777778
3088 0.833333
3089 -0.0833333
3090 -0.166667
3091 -0.222222
3092 -0.166667
3093 -0.222222
3094 -0.333333
3095 -0.277778
3096 0.75
3097 -0.222222
3098 -0.0555556
3099 -0.194444
3100 0.861111
3101 -0.194444
3102 -0.138889
3103 -0.0555556
3104 -0.277778
3105 -0.25
3106 0.888889
3107 -0.277778
3108 -0.0833333
3109 0.861111
3110 -0.0833333
3111 -0.111111
3112 -0.388889
3113 -0.111111
3114 -0.166667
3115 -0.111111
3116 -0.25
3117 0.916667
3118 -0.138889
3119 -0.138889
3120 -0.166667
3121 -0.111111
3122 0.916667
3123 0.861111
3124 -0.194444
3125 0.833333
3126 -0.138889
3127 -0.166667
3128 0.861111
3129 -0.0833333
3130 -0.111111
3131 -0.194444
3132 -0.0833333
3133 -0.138889
3134 -0.138889
3135 -0.138889
3136 -0.111111
3137 2.80556
3138 -0.194444
3139 0.861111
3140 0.777778
3141 -0.166667
3142 -0.222222
3143 -0.138889
3144 1.80556
3145 -0.166667
3146 -0.111111
3147 -0.111111
3148 -0.194444
3149 0.694444
3150 -0.138889
3151 -0.111111
3152 -0.166667
3153 -0.111111
3154 -0.194444
3155 0.75
3156 -0.111111
3157 -0.111111
3158 -0.194444
3159 -0.138889
3160 0.805556
3161 -0.194444
3162 0.833333
3163 -0.277778
3164 -0.222222
3165 0.777778
3166 -0.166667
3167 -0.0555556
3168 -0.222222
3169 -0.111111
3170 -0.166667
3171 -0.138889
3172 -0.0277778
3173 -0.277778
3174 -0.111111
3175 -0.166667
3176 -0.0277778
3177 -0.0833333
3178 -0.138889
3179 -0.111111
3180 -0.194444
3181 0.805556
3182 -0.277778
3183 -0.138889
3184 -0.0555556
3185 -0.0833333
3186 -0.305556
3187 -0.0555556
3188 -0.166667
3189 0.861111
3190 1.86111
3191 -0.25
3192 -0.305556
3193 1.88889
3194 -0.194444
3195 0.888889
3196 0.805556
3197 -0.305556
3198 -0.138889
3199 -0.111111
3200 -0.138889
3201 -0.166667
3202 -0.138889
3203 0.805556
3204 -0.25
3205 -0.0555556
3206 0.833333
3207 -0.111111
3208 0.777778
3209 -0.138889
3210 -0.305556
3211 -0.138889
3212 -0.0277778
3213 -0.111111
3214 -0.166667
3215 -0.166667
3216 -0.111111
3217 -0.25
3218 0.972222
3219 -0.222222
3220 -0.166667
3221 -0.25
3222 -0.138889
3223 -0.166667
3224 0.833333
3225 -0.138889
3226 -0.222222
3227 -0.166667
3228 -0.138889
3229 -0.277778
3230 -0.138889
3231 -0.111111
3232 0.805556
3233 -0.111111
3234 -0.111111
3235 -0.0277778
3236 -0.111111
3237 -0.138889
3238 -0.138889
3239 -0.166667
3240 -0.194444
3241 1.80556
3242 -0.166667
3243 0.972222
3244 0.861111
3245 -0.138889
3246 0.861111
3247 -0.25
3248 -0.138889
3249 0.75
3250 -0.194444
3251 -0.111111
3252 -0.138889
3253 -0.0277778
3254 -0.166667
3255 -0.25
3256 -0.166667
3257 -0.111111
3258 -0.277778
3259 -0.138889
3260 0.888889
3261 -0.138889
3262 -0.138889
3263 -0.0833333
3264 0.888889
3265 0.805556
3266 -0.166667
3267 -0.194444
3268 -0.0833333
3269 -0.111111
3270 -0.138889
3271 -0.138889
3272 -0.222222
3273 -0.138889
3274 -0.138889
3275 2.63889
3276 -0.194444
3277 0.805556
3278 -0.194444
3279 -0.194444
3280 1.83333
3281 0.916667
3282 0.777778
3283 -0.222222
3284 -0.222222
3285 -0.138889
3286 -0.138889
3287 -0.194444
3288 0.888889
3289 -0.138889
3290 -0.305556
3291 0.75
3292 -0.194444
3293 0.777778
3294 -0.111111
3295 -0.194444
3296 -0.138889
3297 -0.111111
3298 -0.138889
3299 -0.166667
3300 1.75
3301 0.666667
3302 -0.333333
3303 0.611111
3304 0.722222
3305 -0.444444
3306 -0.277778
3307 0.861111
3308 0.805556
3309 -0.138889
3310 -0.222222
3311 -0.222222
3312 -0.138889
3313 -0.138889
3314 -0.166667
3315 -0.25
3316 -0.222222
3317 -0.25
3318 -0.166667
3319 -0.0833333
3320 0.916667
3321 -0.111111
3322 -0.166667
3323 -0.277778
3324 1.86111
3325 0.75
3326 0.805556
3327 0.75
3328 0.888889
3329 0.861111
3330 0
3331 0.833333
3332 -0.0555556
3333 -0.194444
3334 0.972222
3335 0.777778
3336 -0.0555556
3337 -0.222222
3338 0.777778
3339 0.777778
3340 -0.194444
3341 0.944444
3342 -0.222222
3343 -0.138889
3344 0.833333
3345 -0.166667
3346 -0.111111
3347 0.833333
3348 -0.138889
3349 -0.111111
3350 -0.194444
3351 0.972222
3352 -0.111111
3353 -0.166667
3354 -0.138889
3355 -0.222222
3356 0.861111
3357 0.722222
3358 -0.166667
3359 -0.25
3360 -0.166667
3361 -0.222222
3362 -0.111111
3363 -0.138889
3364 -0.166667
3365 -0.138889
3366 0.888889
3367 -0.166667
3368 -0.222222
3369 0.916667
3370 0.777778
3371 -0.138889
3372 -0.25
3373 -0.166667
3374 0.888889
3375 -0.111111
3376 0.916667
3377 -0.0833333
3378 -0.0277778
3379 -0.222222
3380 -0.138889
3381 -0.194444
3382 -0.138889
3383 -0.0555556
3384 -0.111111
3385 -0.138889
3386 -0.0833333
3387 0.888889
3388 0.833333
3389 -0.0833333
3390 -0.111111
3391 -0.222222
3392 -0.0277778
3393 0.916667
3394 0.888889
3395 -0.222222
3396 -0.166667
3397 -0.138889
3398 -0.194444
3399 0.805556
3400 -0.0555556
3401 -0.166667
3402 -0.166667
3403 0
3404 0.666667
3405 0.833333
3406 -0.111111
3407 -0.194444
3408 -0.25
3409 0.888889
3410 0.805556
3411 -0.0833333
3412 -0.0555556
3413 0.777778
3414 -0.166667
3415 -0.0833333
3416 -0.166667
3417 0.805556
3418 -0.0833333
3419 -0.166667
3420 0.888889
3421 -0.166667
3422 -0.0833333
3423 0.916667
3424 -0.166667
3425 -0.0833333
3426 -0.111111
3427 -0.111111
3428 -0.305556
3429 0.888889
3430 -0.166667
3431 -0.0277778
3432 -0.222222
3433 -0.0555556
3434 0.888889
3435 0.861111
3436 -0.0555556
3437 -0.0833333
3438 -0.111111
3439 -0.138889
3440 -0.111111
3441 -0.111111
3442 -0.0555556
3443 -0.194444
3444 0.888889
3445 -0.166667
3446 -0.0833333
3447 0.861111
3448 0.833333
3449 -0.111111
3450 -0.166667
3451 -0.166667
3452 -0.25
3453 0.861111
3454 -0.25
3455 -0.111111
3456 -0.138889
3457 0.722222
3458 0.583333
3459 -0.277778
3460 0.583333
3461 0.805556
3462 1.63889
3463 -0.194444
3464 2.77778
3465 0.916667
3466 -0.111111
3467 -0.222222
3468 -0.0555556
3469 -0.25
3470 -0.138889
3471 -0.222222
3472 -0.194444
3473 0.888889
3474 0.777778
3475 -0.194444
3476 -0.0555556
3477 0.861111
3478 0.888889
3479 -0.166667
3480 -0.166667
3481 -0.277778
3482 -0.222222
3483 0.833333
3484 -0.138889
3485 0.861111
3486 -0.138889
3487 -0.222222
3488 -0.138889
3489 0.833333
3490 -0.0555556
3491 -0.361111
3492 0.972222
3493 -0.166667
3494 0.805556
3495 0.888889
3496 -0.166667
3497 -0.0555556
3498 -0.194444
3499 1.80556
3500 -0.138889
3501 -0.111111
3502 -0.194444
3503 -0.25
3504 -0.222222
3505 -0.194444
3506 0.722222
3507 -0.0555556
3508 0.888889
3509 -0.0277778
3510 -0.0555556
3511 0.888889
3512 -0.0833333
3513 0.861111
3514 0.805556
3515 0.888889
3516 -0.111111
3517 0.833333
3518 -0.222222
3519 0.944444
3520 -0.111111
3521 -0.194444
3522 -0.25
3523 -0.222222
3524 -0.138889
3525 -0.166667
3526 -0.222222
3527 -0.166667
3528 -0.277778
3529 -0.138889
3530 -0.111111
3531 0.833333
3532 0.833333
3533 -0.194444
3534 -0.0833333
3535 -0.111111
3536 -0.0277778
3537 -0.111111
3538 0.888889
3539 0.888889
3540 -0.138889
3541 0.916667
3542 -0.111111
3543 -0.111111
3544 -0.277778
3545 -0.166667
3546 0.972222
3547 0.805556
3548 -0.194444
3549 -0.111111
3550 -0.0555556
3551 1.88889
3552 0.944444
3553 -0.194444
3554 0.805556
3555 -0.194444
3556 -0.0833333
3557 -0.111111
3558 -0.111111
3559 -0.0555556
3560 -0.138889
3561 -0.194444
3562 0.777778
3563 -0.166667
3564 -0.166667
3565 0.805556
3566 0.777778
3567 -0.166667
3568 0.944444
3569 -0.0833333
3570 -0.166667
3571 -0.194444
3572 -0.138889
3573 -0.138889
3574 -0.111111
3575 0.805556
3576 -0.111111
3577 0.888889
3578 1.86111
3579 -0.138889
3580 -0.194444
3581 0.861111
3582 -0.0833333
3583 -0.138889
3584 -0.0555556
3585 -0.111111
3586 0.888889
3587 -0.222222
3588 0.833333
3589 -0.166667
3590 0.861111
3591 0.888889
3592 0.944444
3593 0.916667
3594 -0.0833333
3595 0.861111
3596 0.833333
3597 -0.166667
3598 -0.166667
3599 -0.138889
3600 -0.333333
3601 0.916667
3602 -0.111111
3603 -0.194444
3604 -0.0833333
3605 -0.194444
3606 -0.25
3607 -0.138889
3608 -0.166667
3609 -0.166667
3610 0.944444
3611 -0.166667
3612 -0.111111
3613 -0.0833333
3614 0
3615 -0.166667
3616 -0.166667
3617 -0.138889
3618 0.972222
3619 -0.25
3620 -0.222222
3621 -0.166667
3622 -0.194444
3623 -0.0277778
3624 -0.194444
3625 -0.222222
3626 0.722222
3627 -0.166667
3628 -0.0833333
3629 -0.0555556
3630 -0.222222
3631 -0.138889
3632 -0.111111
3633 -0.194444
3634 -0.0555556
3635 -0.194444
3636 -0.111111
3637 0.916667
3638 -0.305556
3639 -0.0833333
3640 -0.166667
3641 -0.111111
3642 -0.194444
3643 -0.166667
3644 -0.166667
3645 0.916667
3646 -0.0833333
3647 -0.166667
3648 -0.305556
3649 -0.138889
3650 -0.166667
3651 -0.166667
3652 -0.194444
3653 -0.0833333
3654 0.805556
3655 -0.222222
3656 0.861111
3657 -0.0833333
3658 -0.194444
3659 -0.138889
3660 -0.166667
3661 0.916667
3662 -0.0833333
3663 0.833333
3664 -0.0555556
3665 0.861111
3666 0.777778
3667 -0.25
3668 -0.111111
3669 -0.25
3670 -0.111111
3671 -0.361111
3672 -0.0277778
3673 -0.0833333
3674 -0.111111
3675 -0.194444
3676 0.75
3677 -0.111111
3678 -0.222222
3679 -0.25
3680 -0.166667
3681 -0.166667
3682 0.805556
3683 -0.166667
3684 -0.222222
3685 1.77778
3686 -0.222222
3687 -0.0555556
3688 0.722222
3689 -0.0555556
3690 -0.0833333
3691 0.916667
3692 -0.111111
3693 -0.138889
3694 0.888889
3695 -0.0833333
3696 -0.0833333
3697 -0.194444
3698 -0.25
3699 -0.194444
3700 0.888889
3701 -0.0833333
3702 -0.277778
3703 -0.0833333
3704 0.805556
3705 -0.194444
3706 -0.111111
3707 -0.0833333
3708 -0.194444
3709 -0.111111
3710 -0.166667
3711 -0.166667
3712 0.833333
3713 -0.111111
3714 -0.194444
3715 -0.222222
3716 -0.305556
3717 -0.194444
3718 -0.111111
3719 -0.111111
3720 -0.111111
3721 -0.138889
3722 -0.0833333
3723 -0.111111
3724 -0.0555556
3725 -0.25
3726 -0.194444
3727 -0.138889
3728 -0.138889
3729 0.916667
3730 -0.166667
3731 -0.305556
3732 -0.25
3733 -0.0555556
3734 -0.0277778
3735 0.666667
3736 -0.194444
3737 -0.0833333
3738 -0.166667
3739 -0.111111
3740 1
3741 1.75
3742 0.805556
3743 -0.138889
3744 -0.111111
3745 -0.138889
3746 -0.0555556
3747 -0.0555556
3748 0.861111
3749 -0.111111
3750 -0.25
3751 -0.0555556
3752 0.833333
3753 -0.138889
3754 -0.194444
3755 -0.111111
3756 0.888889
3757 0.972222
3758 -0.166667
3759 0.861111
3760 0.916667
3761 -0.138889
3762 0.833333
3763 2
3764 -0.111111
3765 0.833333
3766 -0.111111
3767 0.805556
3768 -0.111111
3769 0.833333
3770 -0.138889
3771 -0.166667
3772 -0.111111
3773 -0.111111
3774 0.833333
3775 -0.138889
3776 -0.222222
3777 -0.0277778
3778 0.916667
3779 -0.166667
3780 -0.166667
3781 -0.194444
3782 -0.0833333
3783 -0.138889
3784 -0.138889
3785 -0.111111
3786 -0.166667
3787 0.972222
3788 -0.0277778
3789 -0.111111
3790 -0.0555556
3791 -0.138889
3792 -0.166667
3793 -0.166667
3794 -0.0833333
3795 0.833333
3796 0.861111
3797 -0.111111
3798 -0.138889
3799 -0.166667
3800 -0.111111
3801 -0.138889
3802 -0.166667
3803 -0.0277778
3804 -0.222222
3805 -0.138889
3806 -0.0833333
3807 -0.194444
3808 -0.277778
3809 0.805556
3810 0.861111
3811 0.944444
3812 1.91667
3813 0.861111
3814 -0.111111
3815 -0.111111
3816 -0.111111
3817 0.861111
3818 -0.166667
3819 -0.111111
3820 -0.0833333
3821 -0.111111
3822 0.805556
3823 -0.222222
3824 -0.138889
3825 -0.0833333
3826 -0.194444
3827 -0.0833333
3828 -0.25
3829 0.916667
3830 -0.0277778
3831 -0.111111
3832 -0.0833333
3833 -0.0833333
3834 -0.111111
3835 -0.111111
3836 -0.166667
3837 -0.138889
3838 -0.0833333
3839 -0.25
3840 0.805556
3841 -0.166667
3842 0.777778
3843 -0.0833333
3844 0.805556
3845 -0.111111
3846 -0.0833333
3847 -0.0277778
3848 -0.166667
3849 -0.0833333
3850 -0.0833333
3851 -0.194444
3852 -0.0833333
3853 -0.0833333
3854 -0.0555556
3855 0.944444
3856 -0.138889
3857 -0.0555556
3858 -0.111111
3859 -0.0555556
3860 -0.111111
3861 -0.111111
3862 -0.166667
3863 -0.111111
3864 -0.0277778
3865 -0.0555556
3866 0.777778
3867 -0.277778
3868 -0.138889
3869 -0.138889
3870 -0.194444
3871 -0.111111
3872 -0.111111
3873 -0.0833333
3874 -0.0833333
3875 -0.0555556
3876 -0.0555556
3877 -0.0833333
3878 -0.138889
3879 -0.166667
3880 -0.0833333
3881 -0.0833333
3882 0.972222
3883 -0.0833333
3884 -0.0555556
3885 -0.138889
3886 -0.0833333
3887 -0.111111
3888 -0.138889
3889 -0.111111
3890 0.944444
3891 -0.0555556
3892 -0.0555556
3893 -0.111111
3894 -0.0833333
3895 0
3896 0
3897 -0.0833333
3898 -0.166667
3899 -0.166667
3900 0.972222
3901 -0.0555556
3902 -0.0277778
3903 -0.0555556
3904 -0.0833333
3905 -0.166667
3906 -0.0555556
3907 -0.0277778
3908 -0.0833333
3909 0.944444
3910 0
3911 -0.0833333
3912 -0.0833333
3913 -0.111111
3914 -0.111111
3915 -0.0555556
3916 -0.0833333
3917 -0.111111
3918 -0.0833333
3919 -0.194444
3920 0
3921 0.972222
3922 -0.138889
3923 -0.166667
3924 -0.0833333
3925 -0.111111
3926 -0.0833333
3927 -0.111111
3928 -0.111111
3929 -0.194444
3930 2
3931 0.916667
3932 -0.0833333
3933 0
3934 -0.111111
3935 -0.0833333
3936 -0.0833333
3937 -0.0555556
3938 -0.0277778
3939 -0.0277778
3940 -0.0277778
3941 -0.0833333
3942 -0.0833333
3943 0.861111
3944 -0.0555556
3945 -0.138889
3946 -0.0555556
3947 -0.0555556
3948 -0.0555556
3949 -0.0555556
3950 -0.222222
3951 -0.138889
3952 -0.0555556
3953 -0.0277778
3954 0.944444
3955 -0.111111
3956 -0.0277778
3957 -0.111111
3958 -0.0833333
3959 -0.0555556
3960 -0.0277778
3961 -0.111111
3962 -0.166667
3963 0
3964 -0.111111
3965 0.944444
3966 -0.0555556
3967 -0.111111
3968 -0.194444
3969 -0.111111
3970 -0.0555556
3971 -0.0277778
3972 -0.166667
3973 -0.0555556
3974 -0.166667
3975 -0.111111
3976 -0.0555556
3977 -0.111111
3978 -0.0555556
3979 -0.111111
3980 0.972222
3981 -0.0555556
3982 -0.0833333
3983 -0.111111
3984 0.805556
3985 -0.0833333
3986 -0.166667
3987 -0.111111
3988 -0.0555556
3989 -0.0833333
3990 -0.0555556
3991 -0.0277778
3992 -0.0277778
3993 -0.111111
3994 -0.111111
3995 -0.138889
3996 -0.0833333
3997 -0.0833333
3998 -0.0555556
3999 -0.0277778
4000 -0.111111
4001 -0.0833333
4002 -0.166667
4003 -0.0277778
4004 -0.111111
4005 -0.0833333
4006 -0.166667
4007 -0.0833333
4008 -0.0833333
4009 -0.111111
4010 -0.111111
4011 0.944444
4012 -0.111111
4013 -0.0555556
4014 -0.138889
4015 -0.0277778
4016 1.86111
4017 -0.166667
4018 -0.0555556
4019 -0.0555556
4020 -0.0555556
4021 -0.194444
4022 -0.0833333
4023 -0.0833333
4024 -0.0833333
4025 -0.0555556
4026 -0.0555556
4027 -0.0277778
4028 -0.0555556
4029 -0.194444
4030 -0.0833333
4031 0
4032 0
4033 0
4034 0
4035 0
4036 0
4037 0
4038 0
4039 0
4040 0
4041 0
4042 0
4043 0
4044 0
4045 0
4046 0
4047 0
4048 0
4049 0
4050 0
4051 0
4052 0
4053 0
4054 0
4055 0
4056 0
4057 0
4058 0
4059 0
4060 0
4061 0
4062 0
4063 0
4064 0
4065 0
4066 0
4067 0
4068 0
4069 0
4070 0
4071 0
4072 0
4073 0
4074 0
4075 0
4076 0
4077 0
4078 0
4079 0
4080 0
4081 0
4082 0
4083 0
4084 0
4085 0
4086 0
4087 0
4088 0
4089 0
4090 0
4091 0
4092 0
4093 0
4094 0
4095 0
4096 0
4096 0
