1 0
2 0
3 0
4 0
5 0
6 0
7 0
8 0
9 0
10 0
11 0
12 0
13 0
14 0
15 0
16 0
17 0
18 0
19 0
20 0
21 0
22 0
23 0
24 0
25 0
26 0
27 0
28 0
29 0
30 0
31 0
32 0
33 0
34 0
35 0
36 0
37 0
38 0
39 0
40 0
41 0
42 0
43 0
44 0
45 0
46 0
47 0
48 0
49 0
50 0
51 0
52 0
53 0
54 0
55 0
56 0
57 0
58 0
59 0
60 -0.0555556
61 -0.0277778
62 -0.0555556
63 174.556
64 13049.3
65 32564.4
66 25922.9
67 21171
68 20482.6
69 20416.3
70 20741.2
71 20665
72 20334.4
73 19938.6
74 20091
75 19761.8
76 19852.8
77 19321.1
78 19374.5
79 18965.6
80 18878.9
81 18979.9
82 18656.6
83 18277
84 18047.6
85 18080.8
86 18155.5
87 17995.3
88 17637
89 17450.4
90 17327.7
91 17482.8
92 17276.7
93 17054.5
94 16817.9
95 16801.3
96 16441.9
97 16499.8
98 16271.3
99 15989.1
100 15788.7
101 15958.7
102 15659.9
103 15786.4
104 15306.7
105 15366.3
106 15273.2
107 15177.1
108 15074.8
109 15071.5
110 15183.7
111 14768.3
112 15036.8
113 14928.1
114 14725.9
115 14886.6
116 14715.8
117 14486.1
118 14611.3
119 14718.8
120 14737.6
121 14576
122 14751.8
123 14825
124 14793
125 14963.6
126 15067.5
127 15237.3
128 15774.4
129 15563.7
130 15245.2
131 15179.1
132 15609.6
133 15536.2
134 15501.1
135 15459.6
136 15829.3
137 15909.8
138 15974.2
139 16564.3
140 16706.7
141 17503.5
142 18448
143 19410.1
144 20837.5
145 21654.1
146 22531.8
147 23074.2
148 23229.6
149 23139
150 22535.3
151 21567.2
152 20918.5
153 20182.6
154 19608
155 19340.2
156 18973.5
157 18890.1
158 19281.4
159 19516.4
160 19750
161 19770.6
162 20281.1
163 20727.4
164 21193.9
165 21174.6
166 20668
167 20638.3
168 20546.3
169 20680.3
170 21052.2
171 21853.5
172 23482
173 25624.8
174 28673.2
175 31097.1
176 32392.1
177 32012.2
178 31893.3
179 34195.1
180 37599.3
181 41005.9
182 41688.8
183 39252.4
184 35344.8
185 32083.9
186 27573.6
187 24193.8
188 21821
189 20101.9
190 19152.3
191 18312.3
192 17507.8
193 17233.3
194 16959.1
195 16813
196 17345.8
197 17980.4
198 19463.9
199 21793.8
200 24748.7
201 26761.2
202 27765.9
203 27207.7
204 26186.5
205 25641.5
206 24479.4
207 23831.2
208 22360.7
209 21178.8
210 19490
211 18325.2
212 17447.9
213 16858.6
214 16379.2
215 16320
216 16022.4
217 15949.6
218 15691.4
219 15668.2
220 15553.7
221 15807.4
222 15672.5
223 15987.8
224 15828.2
225 15889.6
226 15957.9
227 16176.6
228 15964.8
229 16298.5
230 16169.1
231 16181.3
232 16382.9
233 16473.5
234 16482.9
235 16389.8
236 16662.4
237 16553.7
238 16858.3
239 16707
240 16836.8
241 16944
242 16914.4
243 16934.1
244 16869.5
245 16849.4
246 16989.1
247 17214
248 16990.6
249 17411.9
250 17599.2
251 17766.4
252 18311.8
253 18173.4
254 18117.1
255 18022.6
256 18148.2
257 17821.5
258 17853.9
259 18231.8
260 18225.9
261 18406.2
262 18027.9
263 18484.9
264 18355.5
265 18439.4
266 18638.1
267 18640.3
268 18892.4
269 18947.8
270 18919.5
271 18716.2
272 18889.6
273 18809.8
274 18749.4
275 18600.2
276 18512.2
277 18369.4
278 18527.7
279 18676
280 18360.8
281 18457.1
282 18335.2
283 18290.2
284 18513
285 18026
286 18026.9
287 18182
288 18001.6
289 18153.1
290 17897.2
291 17998.4
292 17704.8
293 17812.3
294 17653.2
295 17622.9
296 17553.9
297 17718.1
298 17388.2
299 17307.2
300 17523.6
301 17561.8
302 17368.9
303 17405.2
304 17047.7
305 17274.1
306 17488.6
307 17308.5
308 17505.3
309 17309.1
310 17430.1
311 17699.1
312 17687.4
313 18039.4
314 18420.8
315 19927.5
316 21843.3
317 23538.6
318 24824
319 24592.9
320 23511
321 22482.4
322 21624.1
323 20417.3
324 19488.1
325 18897.9
326 18420.1
327 18102.5
328 17959.4
329 17703.1
330 17671.2
331 17604.6
332 17563.4
333 17573.6
334 17705.7
335 17609.5
336 17575.6
337 17429.9
338 17396.2
339 17326
340 17123.2
341 17304.4
342 17325.9
343 17212.6
344 17122.7
345 16854.2
346 17115.7
347 16981.1
348 16851
349 16673.4
350 16514.2
351 16650
352 16387.7
353 16268.4
354 16072.1
355 16233.3
356 16203.1
357 16064.9
358 15864.2
359 15572.6
360 15523.6
361 15475.1
362 15460.8
363 15465.1
364 15605.7
365 15226.9
366 15409.2
367 15217.5
368 15051.7
369 15076
370 15040.4
371 15115.6
372 14830.4
373 14889.1
374 15104.9
375 14881
376 14814.6
377 14695.4
378 14834.2
379 14516
380 14616.3
381 14684.2
382 14833.3
383 14588.7
384 14641.4
385 14630.2
386 14613.1
387 14469
388 14619.9
389 14434.3
390 14601.2
391 14411.4
392 14482
393 14471.6
394 14968
395 14796.9
396 15035.5
397 15265.2
398 14820.1
399 14606.8
400 15088.9
401 15614
402 17634.6
403 20315
404 23313.3
405 24901.9
406 24252.7
407 23181.5
408 21269.1
409 19137.5
410 17576.1
411 16578.7
412 15546
413 14602.2
414 14010.1
415 13645.5
416 13342.9
417 13231.6
418 13151.8
419 13013.1
420 12818.5
421 12853.9
422 12666.9
423 12765.8
424 12955
425 13153.2
426 13310
427 13329.3
428 13324.1
429 13476.8
430 13864.4
431 13763
432 13709.9
433 13136.7
434 13174.1
435 12981.8
436 12516.3
437 12434.8
438 12356.9
439 12268.2
440 12179.3
441 12028.2
442 11950.1
443 12102.3
444 12064.4
445 12449.4
446 12449
447 12819.8
448 13389.3
449 13339.9
450 13481.9
451 13412.1
452 13202.5
453 13070.2
454 12701.2
455 12756.2
456 12678.7
457 12420.1
458 12265.4
459 12208.8
460 11862.5
461 11665.3
462 11401.8
463 11625.5
464 11453.6
465 11355.9
466 11288.7
467 11302.3
468 11205.8
469 11229.4
470 11266.7
471 11349.3
472 11304.7
473 11258.8
474 11161.3
475 10961.9
476 11114.3
477 11026.4
478 11015.3
479 10814.1
480 11094.2
481 11047.7
482 10902.6
483 12160.7
484 15251.5
485 21895.8
486 31480.4
487 39595.5
488 43627.2
489 41512.1
490 37885.2
491 32427.7
492 27045.6
493 21985.2
494 18717.2
495 16579.9
496 14445.5
497 12909.7
498 11901.7
499 11028.9
500 10655.8
501 10312.8
502 10127.1
503 9962.08
504 9939.72
505 9902.53
506 9827.47
507 9632.78
508 9561.44
509 9574.72
510 9642.39
511 9557.25
512 9443.22
513 9387.17
514 9733.39
515 9571.92
516 9495.31
517 9644.72
518 9493.06
519 9460.94
520 9288.39
521 9183.11
522 9355.83
523 9228.81
524 9175.03
525 9278.89
526 9127.19
527 9209.94
528 9250.56
529 9355.36
530 9307.58
531 9435.11
532 9396
533 9480.75
534 9455.08
535 9344.14
536 9276.22
537 9116.81
538 9080.67
539 9366.92
540 9346.72
541 9273.44
542 9121.86
543 9369.22
544 9366.42
545 9334.94
546 9310.39
547 9288.28
548 9373.47
549 9059.86
550 9187.89
551 9216.39
552 9046.94
553 8952.03
554 9384.83
555 9356.11
556 9050.94
557 9070.81
558 8978.33
559 9017.17
560 8780.58
561 8736.69
562 8840.22
563 8770.36
564 8674.56
565 8619.56
566 8723.86
567 8540.44
568 8729.72
569 9060.33
570 9367.61
571 11533.2
572 17594.6
573 30014.6
574 49192.2
575 67917.9
576 78050.7
577 76450.1
578 68320.6
579 57464
580 46032.3
581 34722.4
582 26823.4
583 21116.4
584 16907
585 13462.3
586 10996.5
587 9109.86
588 8152.56
589 8046
590 7660.58
591 7536.67
592 7361.64
593 7309.17
594 7225.11
595 7389.47
596 7414.53
597 7395.69
598 7318.36
599 7452.33
600 7170.39
601 7295.08
602 7184.17
603 7196.36
604 7217.53
605 7130.31
606 7188.61
607 7240.42
608 7166.53
609 7255.75
610 7119.89
611 7234.11
612 7252.56
613 6866.86
614 6929.72
615 7116.33
616 7197.69
617 7145.69
618 7076.31
619 7089.08
620 7124.61
621 7128.72
622 7076.69
623 7080.08
624 7089.81
625 7107.47
626 6912.19
627 7095.78
628 7325.06
629 7598.56
630 7679.03
631 7800.44
632 8081.94
633 8322.64
634 8093.42
635 7983.36
636 7712.03
637 7667.64
638 7499.31
639 7261.28
640 7143.22
641 6961.56
642 7013.44
643 7109.83
644 6879.53
645 7013.42
646 7051.06
647 7082.5
648 6962.92
649 7037.56
650 7156.64
651 7217.14
652 7488.47
653 7462.81
654 7528.03
655 7501.39
656 7645.72
657 7807
658 7806.67
659 8090.83
660 7536.75
661 7646.81
662 7617.75
663 7204.94
664 7161.64
665 7197.72
666 7026.56
667 7202.72
668 7039.03
669 6947.81
670 6934.81
671 6896.08
672 6941.11
673 6948.89
674 7000.17
675 7075.33
676 6940.92
677 6970.81
678 6976.08
679 6858.11
680 6876.83
681 6956.83
682 7021.94
683 6900.53
684 6856.06
685 6979.92
686 6882.39
687 6756.44
688 6947.94
689 6859.25
690 6905.97
691 6749.5
692 6835.72
693 6674.86
694 6857.44
695 6647.11
696 6516.92
697 6425.14
698 6229.83
699 6356.25
700 6174.86
701 6127.14
702 6037.97
703 5914.92
704 5780.94
705 5729.06
706 5421.11
707 5637.42
708 5538.14
709 5518.92
710 5454.81
711 5564.72
712 5558.69
713 5452.92
714 5516.11
715 5389.11
716 5377.03
717 5347.78
718 5242.06
719 5167.92
720 5387.64
721 5288.08
722 5285.11
723 5293.97
724 5261.22
725 5178.19
726 5058.17
727 5130.47
728 5033.17
729 5127.03
730 5157.86
731 5080.89
732 5149.94
733 5186.19
734 5269.42
735 5442.89
736 5682.28
737 5500.28
738 5448.97
739 5362.14
740 5309.56
741 5174.14
742 5117
743 5068.89
744 5102.83
745 5125.36
746 5207.69
747 5217.39
748 5147.61
749 5057.08
750 5027.56
751 4982.64
752 4685.94
753 4834.25
754 4845.53
755 4688.44
756 4690.11
757 4654.25
758 4826
759 4838.97
760 4880.47
761 4739.28
762 4811.17
763 4672.36
764 4639.58
765 4619.22
766 4842.11
767 4704.03
768 4685.25
769 4796.22
770 4545.64
771 4460.17
772 4584.75
773 4647.56
774 4755.36
775 5067.06
776 5073.5
777 5003.36
778 4893.28
779 4844.53
780 4499.56
781 4481.36
782 4523.42
783 4477.44
784 4682.19
785 4985.31
786 5173.28
787 5036.69
788 4997.36
789 4708.56
790 4762.08
791 4365.25
792 4307.08
793 4243.5
794 4235.58
795 4066.33
796 4140.58
797 4092.75
798 4100.94
799 3944.94
800 4041.69
801 4074.19
802 4004.17
803 3972.53
804 3938.72
805 3997.42
806 4048.11
807 3908.33
808 3883.53
809 3881.97
810 3865.17
811 3850.25
812 3940.56
813 3805.39
814 3847.89
815 3810.67
816 3990.11
817 4101.39
818 4454.28
819 5176.14
820 6152.97
821 7157.5
822 8324.83
823 9115.5
824 9481.61
825 9254.39
826 8936.83
827 7791.44
828 7057.92
829 6194.69
830 5451.72
831 4983.53
832 4550.47
833 4305.28
834 3936.61
835 3975.69
836 3760.44
837 3676.61
838 3692.5
839 3687.72
840 3714.47
841 3702.31
842 3662.64
843 3579.39
844 3594.42
845 3585.31
846 3549.5
847 3677.69
848 3746.53
849 3634.39
850 3657.67
851 3615.64
852 3527.61
853 3700.53
854 3564
855 3548.53
856 3752.5
857 3802.36
858 3868.42
859 3970.39
860 3930.31
861 3875.72
862 3853.58
863 3835.31
864 3863.28
865 3830.22
866 3748.83
867 3592.42
868 3550.33
869 3610.5
870 3591.78
871 3696.72
872 3751.39
873 3876.69
874 3683.64
875 3833.19
876 3825.86
877 3682.53
878 3739.44
879 3617.44
880 3669.56
881 3610.33
882 3692.42
883 3558.28
884 3683.94
885 3497.56
886 3430.56
887 3360.75
888 3490.67
889 3484.5
890 3465.53
891 3450.67
892 3477.56
893 3363.39
894 3543.69
895 3492.81
896 3521.39
897 3352
898 3573.69
899 3461.64
900 3475.81
901 3417.58
902 3457.56
903 3404.53
904 3493.56
905 3493.75
906 3300.33
907 3387.33
908 3471.5
909 3460.67
910 3476.72
911 3491.75
912 3340.11
913 3477.42
914 3438.61
915 3456.81
916 3436.22
917 3525.81
918 3578.5
919 3545.92
920 3448.97
921 3515.92
922 3443.72
923 3508.64
924 3361.72
925 3340.72
926 3534.42
927 3503.86
928 3535.47
929 3785.58
930 3924.78
931 4083.72
932 3962.5
933 3950.42
934 3968.56
935 3749.33
936 3664.89
937 3480.33
938 3498.47
939 3373.81
940 3392.94
941 3247.86
942 3296.64
943 3213.5
944 3138.78
945 3113.69
946 3120.83
947 3133.11
948 3191.69
949 3187.11
950 3172.69
951 3216.81
952 3082.94
953 3257.89
954 3239.81
955 3229.08
956 3078.25
957 3187
958 3174.06
959 3254.06
960 3238.28
961 3289.11
962 3318.19
963 3234.33
964 3245.17
965 3180.08
966 3276.11
967 3255.47
968 3357.78
969 3392.28
970 3891.39
971 5865.72
972 11573.1
973 24066.2
974 44751.3
975 67771.1
976 83852.1
977 87996.3
978 81270.9
979 68890.8
980 55271.6
981 41466.4
982 30432.3
983 22093.5
984 16172.4
985 11701.5
986 8364.67
987 5852.81
988 4205.22
989 3389.81
990 3029.75
991 2889.69
992 2768.86
993 2729.86
994 2674.86
995 2592.81
996 2608.75
997 2551.83
998 2497.69
999 2439.86
1000 2454.78
1001 2571.72
1002 2543.78
1003 2462.36
1004 2431.42
1005 2380.67
1006 2469.75
1007 2480.75
1008 2425.53
1009 2411.69
1010 2459.83
1011 2359.78
1012 2481.89
1013 2500.47
1014 2498.67
1015 2520.08
1016 2453.86
1017 2434
1018 2300.58
1019 2350.64
1020 2366.97
1021 2282.67
1022 2483.94
1023 2325.72
1024 2386.5
1025 2340.92
1026 2265.83
1027 2327.78
1028 2300.83
1029 2307.14
1030 2256.92
1031 2302
1032 2278.86
1033 2312
1034 2371.97
1035 2239.81
1036 2348.31
1037 2248.08
1038 2314.75
1039 2267.97
1040 2319.03
1041 2250.83
1042 2242
1043 2226.33
1044 2312.86
1045 2254.81
1046 2210.22
1047 2249.86
1048 2234.81
1049 2294.92
1050 2176.75
1051 2147
1052 2170.64
1053 2249.94
1054 2272.69
1055 2326.17
1056 2307.69
1057 2243.25
1058 2260.89
1059 2452.61
1060 2809.94
1061 3279.94
1062 4051.44
1063 4783.94
1064 5103
1065 4959.89
1066 4446.08
1067 4051.81
1068 3535.06
1069 3139.53
1070 2944.83
1071 2580.92
1072 2516.72
1073 2357.58
1074 2327.94
1075 2290
1076 2126.81
1077 2148.17
1078 2103.67
1079 2110.72
1080 2051.11
1081 2157.83
1082 2149.69
1083 2138.89
1084 2188.78
1085 2139.03
1086 2031.03
1087 2165.75
1088 2227.83
1089 2184.03
1090 2263.08
1091 2266.81
1092 2304.97
1093 2222
1094 2221.69
1095 2215.31
1096 2268.83
1097 2144.81
1098 2173.14
1099 2157.94
1100 2156.31
1101 2198.11
1102 2139.06
1103 2066.69
1104 2133.61
1105 2103.14
1106 2173.86
1107 2182.67
1108 2107.56
1109 2185.53
1110 2095.86
1111 2131.47
1112 2157.92
1113 2148.47
1114 2229.86
1115 2252.61
1116 2240.39
1117 2340.75
1118 2300.56
1119 2500.72
1120 2711.61
1121 2882.53
1122 3141.08
1123 3120.64
1124 3050.78
1125 2928.94
1126 2782.61
1127 2681.81
1128 2626.72
1129 2503.56
1130 2487.67
1131 2419.75
1132 2310.78
1133 2334.83
1134 2268.08
1135 2277.81
1136 2228.17
1137 2232.56
1138 2178.97
1139 2149.67
1140 2156.08
1141 2111.47
1142 2127.75
1143 2145.75
1144 2189.03
1145 2328.11
1146 2462.11
1147 2669.81
1148 2801.67
1149 2846.11
1150 2681.97
1151 2624.81
1152 2637.06
1153 2461.89
1154 2355.81
1155 2455.97
1156 2281.25
1157 2243.03
1158 2146.92
1159 2204.94
1160 2199.75
1161 2137.53
1162 2145.61
1163 2178.53
1164 2098.08
1165 2120.81
1166 2195.89
1167 2121.89
1168 2166.83
1169 2173.86
1170 2131.97
1171 2186.78
1172 2108.14
1173 2136.19
1174 2069.89
1175 2100.19
1176 2133.72
1177 2149.06
1178 2108.75
1179 2133.97
1180 2122.33
1181 2282.25
1182 2434.17
1183 2414.42
1184 2602.17
1185 2571.97
1186 2476.97
1187 2468.25
1188 2401.42
1189 2282.5
1190 2254.94
1191 2049.81
1192 2136.22
1193 2083.31
1194 2021.31
1195 2060.06
1196 2062.08
1197 2179.06
1198 2257.19
1199 2224.19
1200 2229.97
1201 2240.17
1202 2228.97
1203 2105.22
1204 2168.19
1205 2139.92
1206 2065.39
1207 2097.31
1208 2118.14
1209 2040.19
1210 2085
1211 1986.11
1212 2035.06
1213 1970.17
1214 2090.33
1215 2056.83
1216 2117
1217 2240.86
1218 2535.11
1219 3044.17
1220 3971.28
1221 5845.83
1222 7842
1223 9893.11
1224 10792.2
1225 10541.9
1226 9461.92
1227 8114.94
1228 6576.03
1229 5390.19
1230 4433.67
1231 3695.25
1232 3218.94
1233 2663.97
1234 2498.25
1235 2288.14
1236 2100.25
1237 2130.11
1238 2037.06
1239 2049.17
1240 2047.06
1241 2023
1242 1924.19
1243 1875.28
1244 2036.39
1245 2017.28
1246 2079.03
1247 2245
1248 2558.06
1249 3020.28
1250 3517.36
1251 3819.19
1252 3902.97
1253 3791.94
1254 3404.97
1255 3135.28
1256 2968.33
1257 2555.03
1258 2438.06
1259 2307.31
1260 2145.17
1261 2202.33
1262 2056
1263 2002.06
1264 1986.08
1265 2074.97
1266 1947.19
1267 1947.11
1268 2051.97
1269 2016.86
1270 2085.19
1271 1998.14
1272 2002.28
1273 2052
1274 2120.06
1275 2011.11
1276 2069.17
1277 2045.06
1278 2196.75
1279 2346.67
1280 2758.75
1281 3457.94
1282 3879.14
1283 4054.06
1284 3943.81
1285 3758.11
1286 3454.11
1287 3081.28
1288 2695.22
1289 2459.36
1290 2307.22
1291 2270.33
1292 2114.19
1293 2104.11
1294 2045.31
1295 1978.25
1296 2046.92
1297 1988.31
1298 2008.36
1299 2062.31
1300 2040.36
1301 2008.19
1302 2057.42
1303 2067.14
1304 2170.31
1305 2143.89
1306 2278.31
1307 2208.03
1308 2156.28
1309 2207.28
1310 2207.33
1311 2143.19
1312 2212.28
1313 2292.11
1314 2226.17
1315 2188.11
1316 2180.31
1317 2218.14
1318 2155.33
1319 2097.17
1320 2183.42
1321 2186.53
1322 2291.08
1323 2302.31
1324 2223.11
1325 2322.83
1326 2282
1327 2123.36
1328 2108.25
1329 2122.03
1330 2287.03
1331 2449.08
1332 2706.14
1333 2837.08
1334 2833.81
1335 2935.14
1336 2930.25
1337 2585.86
1338 2480.42
1339 2332.36
1340 2252.06
1341 2167.44
1342 2095.92
1343 1995.81
1344 2062.25
1345 1991.14
1346 2077.25
1347 1956.97
1348 1954.22
1349 1943.03
1350 2038
1351 1987
1352 2056.03
1353 1979.94
1354 2024.11
1355 1920.22
1356 1987.42
1357 1961.31
1358 2105.97
1359 1954.28
1360 1930.17
1361 1981.31
1362 2020.17
1363 2035.06
1364 2000.03
1365 1985.25
1366 1972.42
1367 2020.83
1368 2028.14
1369 1977.11
1370 1974.89
1371 1977.22
1372 2058.31
1373 2150.28
1374 2041.08
1375 2036.44
1376 2014.19
1377 2019.25
1378 2000.33
1379 1987.17
1380 2031.17
1381 1956.11
1382 2027.25
1383 2031.28
1384 2093
1385 2041.22
1386 2053.28
1387 2072.39
1388 2066.19
1389 2096.39
1390 2060.17
1391 2030.17
1392 2077.19
1393 2057.31
1394 2130.33
1395 2144
1396 2110.25
1397 2060.36
1398 2099.19
1399 2145.25
1400 2053.97
1401 2197.17
1402 2133.06
1403 2145.22
1404 2127.06
1405 2085.31
1406 2135.83
1407 2099.25
1408 2043.36
1409 1962
1410 2031.22
1411 2162.44
1412 2040.39
1413 2024.39
1414 2114.14
1415 2118.06
1416 2157.39
1417 2194.56
1418 2056.17
1419 2125.03
1420 2037.31
1421 2151.08
1422 2076.31
1423 2134.19
1424 2085.47
1425 2076.17
1426 2066.83
1427 2112.94
1428 2101.14
1429 2186.89
1430 2184.06
1431 2057.08
1432 2160.42
1433 2246.25
1434 2204.42
1435 2199.08
1436 2216.14
1437 2178.33
1438 2205.33
1439 2039.17
1440 2093.28
1441 2093.44
1442 2118.19
1443 2162.03
1444 2065.36
1445 2139.11
1446 2133.86
1447 2079.39
1448 2041.14
1449 1996.44
1450 1978.86
1451 1924.11
1452 1981.14
1453 1958.56
1454 1918.42
1455 1965.47
1456 1928.31
1457 1854.28
1458 1902.42
1459 1881.22
1460 1921.42
1461 1925.42
1462 1769.19
1463 1771.47
1464 1897.5
1465 1832.5
1466 1841.33
1467 1779.42
1468 1883.31
1469 1876.39
1470 1829.28
1471 1844.28
1472 1857.33
1473 1917.33
1474 1911.42
1475 1930.72
1476 1992.33
1477 2204.31
1478 2900.19
1479 3855.11
1480 5071.5
1481 6193
1482 6626.11
1483 6336.56
1484 5808.31
1485 5307.25
1486 4225.47
1487 3597.47
1488 3008.33
1489 2721.47
1490 2335.5
1491 2135.94
1492 2037.44
1493 1838.33
1494 1805.39
1495 1710.17
1496 1810.17
1497 1778.42
1498 1786.36
1499 1775.33
1500 1782.17
1501 1808.44
1502 1781.36
1503 1797.33
1504 1735.36
1505 1834.28
1506 1774.31
1507 1708.19
1508 1705.31
1509 1723.11
1510 1711.39
1511 1738.56
1512 1690.17
1513 1735.5
1514 1682.25
1515 1663.5
1516 1649.42
1517 1648.19
1518 1689.36
1519 1646.14
1520 1635.5
1521 1669.31
1522 1718.39
1523 1708.11
1524 1683.42
1525 1753.19
1526 1931.19
1527 2065.28
1528 2156.03
1529 2276.06
1530 2132.19
1531 2176.44
1532 2033.22
1533 1893.42
1534 1813.31
1535 1850.33
1536 1723.11
1537 1711.97
1538 1737.61
1539 1635.11
1540 1674.11
1541 1642.28
1542 1635.36
1543 1667.39
1544 1632.5
1545 1649.28
1546 1640.47
1547 1529.36
1548 1613.33
1549 1565.47
1550 1631.53
1551 1588.47
1552 1589.53
1553 1601.53
1554 1652.56
1555 1561.22
1556 1637.42
1557 1593.14
1558 1527.56
1559 1616.33
1560 1557.25
1561 1611.42
1562 1500.47
1563 1569.58
1564 1569.58
1565 1542.28
1566 1553.25
1567 1576.42
1568 1478.28
1569 1495.58
1570 1575.36
1571 1593.08
1572 1557.58
1573 1601.53
1574 1628.44
1575 1572.58
1576 1543.31
1577 1514.47
1578 1570.25
1579 1536.14
1580 1640.61
1581 1682.22
1582 1704.61
1583 1987.56
1584 2302.5
1585 2694.47
1586 2762.42
1587 2814.97
1588 2569.14
1589 2437.31
1590 2204.33
1591 2103.5
1592 1823.42
1593 1817.56
1594 1689.58
1595 1624.25
1596 1586.42
1597 1572.56
1598 1508.61
1599 1433.5
1600 1489.33
1601 1432.5
1602 1541.36
1603 1487.44
1604 1519.31
1605 1454.44
1606 1474.28
1607 1518.5
1608 1465.39
1609 1452.22
1610 1427.22
1611 1507.53
1612 1474.42
1613 1475.56
1614 1498.44
1615 1460.58
1616 1418.28
1617 1406.47
1618 1474.5
1619 1439.36
1620 1433.56
1621 1485.39
1622 1446.42
1623 1482.53
1624 1486.53
1625 1469.33
1626 1390.44
1627 1430.47
1628 1355.67
1629 1421.42
1630 1370.47
1631 1433.47
1632 1387.28
1633 1459.42
1634 1468.22
1635 1496.22
1636 1513.44
1637 1455.61
1638 1360.42
1639 1472.44
1640 1469.39
1641 1399.61
1642 1357.39
1643 1351.25
1644 1392.31
1645 1333.39
1646 1350.33
1647 1359.53
1648 1337.33
1649 1303.39
1650 1298.17
1651 1282.28
1652 1326.36
1653 1359.17
1654 1362.19
1655 1428.44
1656 1377.33
1657 1376.22
1658 1402.39
1659 1350.31
1660 1345.42
1661 1406.44
1662 1521.44
1663 1533.33
1664 1686.5
1665 1679.28
1666 1748.58
1667 1799.42
1668 1664.61
1669 1523.33
1670 1488.22
1671 1468.42
1672 1338.44
1673 1339.25
1674 1362.42
1675 1324.47
1676 1338.5
1677 1309.5
1678 1237.64
1679 1290.61
1680 1301.61
1681 1261.69
1682 1338.61
1683 1304.28
1684 1286.25
1685 1277.39
1686 1385.94
1687 1318.53
1688 1371.22
1689 1341.44
1690 1386.39
1691 1544.39
1692 1644.39
1693 1650.5
1694 1705.44
1695 1612.25
1696 1616.31
1697 1598.42
1698 1470.56
1699 1425.39
1700 1366.44
1701 1307.28
1702 1255.5
1703 1347.39
1704 1230.72
1705 1228.39
1706 1332.25
1707 1326.33
1708 1278.42
1709 1252.44
1710 1194.14
1711 1203.42
1712 1241.5
1713 1260.64
1714 1269.61
1715 1218.58
1716 1241.39
1717 1315.5
1718 1280.53
1719 1191.36
1720 1295.58
1721 1303.53
1722 1279.47
1723 1303.39
1724 1180.53
1725 1214.64
1726 1260.42
1727 1221.42
1728 1272.44
1729 1219.47
1730 1217.36
1731 1246.33
1732 1254.5
1733 1276.53
1734 1259.36
1735 1298.44
1736 1307.39
1737 1198.33
1738 1212.36
1739 1233.44
1740 1304.36
1741 1316.39
1742 1233.5
1743 1374.44
1744 1386.47
1745 1424.11
1746 1446.56
1747 1483.56
1748 1457.56
1749 1390.5
1750 1400.58
1751 1386.42
1752 1356.36
1753 1277.64
1754 1310.42
1755 1243.44
1756 1289.61
1757 1248.56
1758 1243.44
1759 1199.39
1760 1196.53
1761 1267.53
1762 1211.28
1763 1261.58
1764 1358.53
1765 1538.5
1766 2248.44
1767 3815.53
1768 6808.53
1769 11454.4
1770 16371.4
1771 20535.4
1772 22338.4
1773 21311.6
1774 18865.1
1775 15483.8
1776 12191.2
1777 9294.36
1778 6922.56
1779 5149.47
1780 3954.67
1781 2902.64
1782 2236.42
1783 1799.42
1784 1525.25
1785 1378.36
1786 1343.64
1787 1384.47
1788 1319.44
1789 1423.25
1790 1447.47
1791 1504.42
1792 1618.36
1793 1602.36
1794 1590.5
1795 1515.56
1796 1409.61
1797 1427.5
1798 1294.44
1799 1291.69
1800 1255.47
1801 1184.53
1802 1242.33
1803 1174.56
1804 1209.69
1805 1208.56
1806 1153.61
1807 1108.33
1808 1121.56
1809 1153.61
1810 1204.61
1811 1145.67
1812 1185.33
1813 1194.39
1814 1165.36
1815 1201.33
1816 1216.58
1817 1179.5
1818 1208.47
1819 1250.36
1820 1222.44
1821 1335.61
1822 1725.5
1823 2134.39
1824 2692.33
1825 3069.47
1826 3431.42
1827 3421.31
1828 3254.5
1829 2751.33
1830 2420.36
1831 2183.56
1832 1896.5
1833 1606.47
1834 1440.47
1835 1443.61
1836 1317.69
1837 1147.42
1838 1164.5
1839 1144.58
1840 1062.33
1841 1109.56
1842 1096.53
1843 1117.31
1844 1112.64
1845 1138.61
1846 1083.53
1847 1072.61
1848 1061.58
1849 1110.53
1850 1047.5
1851 1126.47
1852 1086.33
1853 1138.44
1854 1092.53
1855 1131.36
1856 1091.5
1857 1107.64
1858 1080.58
1859 1140.39
1860 1051.61
1861 1082.42
1862 1105.64
1863 1075.56
1864 1095.14
1865 1215.67
1866 1253.5
1867 1221.56
1868 1270.42
1869 1225.5
1870 1162.61
1871 1252.58
1872 1159.53
1873 1165.58
1874 1121.47
1875 1059.5
1876 1039.72
1877 1049.53
1878 1016.44
1879 1027.58
1880 1064.5
1881 1048.53
1882 1013.67
1883 999.583
1884 1030.56
1885 1039.53
1886 1061.64
1887 1016.47
1888 1038.47
1889 1033.61
1890 1016.47
1891 1059.42
1892 1039.47
1893 1011.47
1894 1024.47
1895 930.5
1896 978.528
1897 1005.56
1898 959.889
1899 1005.5
1900 1025.5
1901 973.361
1902 1044.56
1903 1083.44
1904 1150.5
1905 1228.58
1906 1370.36
1907 1496.47
1908 1607.44
1909 1581.5
1910 1517.61
1911 1372.56
1912 1299.5
1913 1234.47
1914 1121.53
1915 1089.39
1916 1069.47
1917 1019.58
1918 1056.33
1919 976.528
1920 1005.44
1921 973.528
1922 1032.36
1923 1042.44
1924 1040.53
1925 1064.47
1926 1116.42
1927 995.611
1928 1011.64
1929 1054.58
1930 981.472
1931 1005.19
1932 956.556
1933 1001.33
1934 956.5
1935 957.472
1936 1028.44
1937 947.528
1938 944.833
1939 983.528
1940 992.25
1941 965.417
1942 986.444
1943 968.5
1944 971.444
1945 951.667
1946 959.444
1947 976.389
1948 1115.56
1949 1242.64
1950 1648.69
1951 2548.61
1952 3985.44
1953 5838.56
1954 7622.33
1955 8544.36
1956 8763.5
1957 7926.33
1958 6717.42
1959 5463.56
1960 4415.56
1961 3396.47
1962 2689.44
1963 2109.53
1964 1740.5
1965 1421.5
1966 1199.64
1967 1148.58
1968 929.611
1969 1014.64
1970 956.639
1971 926.528
1972 959.472
1973 1002.5
1974 1043.53
1975 1133.67
1976 1160.42
1977 1280.67
1978 1340.53
1979 1392.67
1980 1373.69
1981 1401.47
1982 1227.61
1983 1137.58
1984 1146.56
1985 1010.39
1986 1029.39
1987 1032.69
1988 942.472
1989 941.583
1990 898.333
1991 908.722
1992 923.444
1993 871.556
1994 915.722
1995 917.583
1996 882.556
1997 910.583
1998 893.694
1999 954.5
2000 884.639
2001 867.528
2002 884.583
2003 892.361
2004 896.444
2005 883.75
2006 896.361
2007 921.611
2008 904.556
2009 919.694
2010 893.472
2011 897.389
2012 924.5
2013 936.75
2014 898.639
2015 1029.53
2016 1031.61
2017 1166.78
2018 1399.64
2019 1718.5
2020 2198.81
2021 2595.56
2022 2694.58
2023 2747.56
2024 2604.39
2025 2191.56
2026 1863.67
2027 1613.64
2028 1388.53
2029 1274.56
2030 1123.69
2031 1046.5
2032 1057.72
2033 933.667
2034 899.639
2035 891.583
2036 835.694
2037 879.694
2038 872.75
2039 869.611
2040 868.528
2041 847.556
2042 857.306
2043 871.361
2044 875.5
2045 812.583
2046 796.639
2047 825.722
2048 889.861
2049 897.75
2050 804.667
2051 827.611
2052 857.667
2053 892.694
2054 896.667
2055 910.639
2056 959.75
2057 934.667
2058 1017.61
2059 958.694
2060 1003.69
2061 922.639
2062 872.583
2063 895.611
2064 865.611
2065 877.583
2066 870.667
2067 868.556
2068 820.583
2069 849.556
2070 841.639
2071 811.75
2072 875.528
2073 859.639
2074 854.667
2075 919.583
2076 893.694
2077 970.778
2078 989.667
2079 922.694
2080 936.5
2081 890.611
2082 935.583
2083 908.667
2084 853.778
2085 919.639
2086 890.694
2087 854.833
2088 876.583
2089 846.583
2090 873.583
2091 848.667
2092 831.444
2093 872.694
2094 847.639
2095 822.639
2096 932.556
2097 863.556
2098 835.75
2099 806.583
2100 890.5
2101 834.667
2102 823.639
2103 871.639
2104 831.806
2105 842.556
2106 827.5
2107 890.444
2108 953.75
2109 875.694
2110 889.417
2111 893.556
2112 900.611
2113 901.639
2114 867.556
2115 879.667
2116 877.583
2117 870.694
2118 850.806
2119 885.639
2120 873.611
2121 846.528
2122 844.528
2123 844.75
2124 810.667
2125 872.667
2126 852.556
2127 833.556
2128 840.611
2129 842.639
2130 848.667
2131 867.556
2132 871.694
2133 842.667
2134 868.5
2135 919.722
2136 866.639
2137 832.75
2138 927.75
2139 822.75
2140 892.528
2141 855.694
2142 861.75
2143 867.639
2144 846.583
2145 798.667
2146 863.778
2147 883.667
2148 819.667
2149 831.722
2150 851.611
2151 840.472
2152 828.5
2153 874.611
2154 863.556
2155 847.611
2156 867.722
2157 873.5
2158 905.833
2159 832.722
2160 905.528
2161 844.833
2162 831.722
2163 802.722
2164 849.694
2165 890.694
2166 1026.58
2167 1282.56
2168 1733.75
2169 2537.64
2170 3707.58
2171 4780.69
2172 5542.53
2173 5860.67
2174 5388.56
2175 4854.5
2176 3927.67
2177 3284.64
2178 2695.56
2179 2130.72
2180 1896.61
2181 1765.58
2182 1861.5
2183 1909.33
2184 1904.78
2185 1805.53
2186 1725.58
2187 1639.44
2188 1480.89
2189 1343.67
2190 1278.61
2191 1060.81
2192 1029.67
2193 978.722
2194 948.778
2195 934.556
2196 878.833
2197 864.75
2198 878.611
2199 904.639
2200 836.611
2201 823.583
2202 792.556
2203 871.667
2204 929.611
2205 1095.64
2206 1377.75
2207 1670.56
2208 2128.69
2209 2306.75
2210 2430.69
2211 2407.72
2212 2172.53
2213 2024.75
2214 1865.56
2215 1886.69
2216 2133.64
2217 2621.67
2218 3238.78
2219 3755.72
2220 3753.64
2221 3724.64
2222 3202.5
2223 2727.83
2224 2410.61
2225 1908.56
2226 1618.64
2227 1441.58
2228 1231.78
2229 1092.72
2230 1050.75
2231 917.833
2232 854.639
2233 836.444
2234 854.889
2235 830.778
2236 849.778
2237 849.639
2238 864.667
2239 823.694
2240 843.611
2241 845.667
2242 865.667
2243 909.75
2244 887.833
2245 894.722
2246 964.444
2247 865.722
2248 934.667
2249 921.806
2250 950.75
2251 894.722
2252 925.806
2253 873.722
2254 880.722
2255 888.75
2256 857.667
2257 879.5
2258 881.694
2259 837.583
2260 860.722
2261 847.611
2262 919.556
2263 827.889
2264 899.611
2265 890.611
2266 847.694
2267 880.806
2268 870.75
2269 919.444
2270 865.611
2271 856.806
2272 857.583
2273 842.5
2274 859.639
2275 805.611
2276 810.611
2277 841.639
2278 845.75
2279 858.806
2280 832.861
2281 813.611
2282 863.694
2283 860.583
2284 889.861
2285 826.694
2286 842.694
2287 858.556
2288 869.639
2289 848.722
2290 843.75
2291 862.639
2292 868.833
2293 877.472
2294 832.722
2295 806.556
2296 895.611
2297 880.639
2298 871.611
2299 864.583
2300 862.639
2301 874.139
2302 888.306
2303 893.278
2304 878.389
2305 888.25
2306 876.806
2307 906.361
2308 890.611
2309 927.667
2310 884.778
2311 919.861
2312 893.889
2313 901.694
2314 925.722
2315 898.556
2316 899.583
2317 929.75
2318 962.889
2319 922.778
2320 859.667
2321 864.556
2322 908.833
2323 873.639
2324 877.667
2325 886.778
2326 958.833
2327 858.472
2328 944.639
2329 922.694
2330 949.861
2331 966.694
2332 969.667
2333 928.778
2334 970.722
2335 991.861
2336 905.583
2337 941.667
2338 906.722
2339 922.667
2340 950.861
2341 913.833
2342 939.444
2343 922.722
2344 871.722
2345 912.75
2346 903.667
2347 898.667
2348 917.861
2349 958.611
2350 956.5
2351 950.528
2352 962.75
2353 933.667
2354 906.75
2355 914.75
2356 906.722
2357 926.639
2358 914.5
2359 953.806
2360 894.861
2361 911.472
2362 964.889
2363 945.778
2364 905.694
2365 909.528
2366 954.694
2367 919.75
2368 948.694
2369 992.556
2370 1024.69
2371 1081.83
2372 1193.64
2373 1496.72
2374 1940.61
2375 2569.64
2376 3056.72
2377 3336.72
2378 3423.53
2379 3074.56
2380 2853.67
2381 2424.78
2382 2069.75
2383 1766.69
2384 1482.81
2385 1404.72
2386 1236.64
2387 1124.67
2388 1091.69
2389 1001.72
2390 917.583
2391 976.556
2392 910.75
2393 896.806
2394 909.722
2395 935.861
2396 991.75
2397 910.694
2398 966.722
2399 936.722
2400 948.694
2401 963.778
2402 859.667
2403 933.833
2404 997.722
2405 984.694
2406 946.75
2407 952.667
2408 883.778
2409 927.75
2410 940.778
2411 919.694
2412 906.694
2413 903.75
2414 929.833
2415 925.639
2416 899.667
2417 922.667
2418 1010.83
2419 1002.69
2420 1182.64
2421 1261.67
2422 1350.81
2423 1414.81
2424 1303.72
2425 1392.81
2426 1293.83
2427 1315.56
2428 1270.67
2429 1257.72
2430 1311.72
2431 1238.78
2432 1162.61
2433 1136.72
2434 991.806
2435 921.667
2436 912.694
2437 854.722
2438 844.778
2439 738.722
2440 759.667
2441 752.778
2442 694.806
2443 678.611
2444 716.722
2445 689.75
2446 717.806
2447 728.861
2448 744.722
2449 687.611
2450 686.889
2451 731.778
2452 692.639
2453 692.778
2454 684.75
2455 737.722
2456 667.806
2457 636.806
2458 698.75
2459 625.667
2460 649.694
2461 660.722
2462 593.806
2463 665.889
2464 684.667
2465 649.806
2466 669.75
2467 699.75
2468 661.75
2469 633.694
2470 653.722
2471 638.528
2472 679.75
2473 614.528
2474 667.806
2475 616.667
2476 634.722
2477 678.75
2478 645.694
2479 671.806
2480 622.806
2481 695.861
2482 696.861
2483 633.833
2484 606.694
2485 664.833
2486 674.639
2487 733.833
2488 823.917
2489 952.833
2490 1051.75
2491 1325.69
2492 1389.75
2493 1433.58
2494 1316.83
2495 1283.86
2496 1101.78
2497 1066.64
2498 880.75
2499 867.639
2500 760.444
2501 713.694
2502 656.583
2503 621.556
2504 623.667
2505 599.694
2506 684.583
2507 728.583
2508 730.528
2509 860.611
2510 947.444
2511 960.444
2512 932.611
2513 905.75
2514 867.806
2515 962.722
2516 966.611
2517 1018.92
2518 1013.81
2519 1012.64
2520 918.889
2521 869.75
2522 774.833
2523 746.639
2524 673.889
2525 621.722
2526 650.806
2527 647.806
2528 618.833
2529 591.778
2530 628.75
2531 601.806
2532 627.722
2533 586.639
2534 597.75
2535 565.778
2536 558.861
2537 581.722
2538 530.806
2539 548.833
2540 557.778
2541 534.806
2542 551.861
2543 523.639
2544 548.639
2545 556.861
2546 508.75
2547 500.861
2548 538.722
2549 471.75
2550 506.833
2551 478.639
2552 483.611
2553 487.833
2554 490.667
2555 507.778
2556 471.611
2557 466.667
2558 419.806
2559 445.667
2560 464.583
2561 459.806
2562 458.75
2563 428.806
2564 445.833
2565 470.639
2566 456.778
2567 446.833
2568 450.556
2569 455.75
2570 438.611
2571 455.833
2572 463.833
2573 425.778
2574 403.806
2575 430.806
2576 470.806
2577 446.667
2578 435.639
2579 413.722
2580 418.778
2581 395.694
2582 391.944
2583 395.722
2584 365.861
2585 424.667
2586 418.806
2587 388.889
2588 385.722
2589 360.722
2590 381.806
2591 363.75
2592 398.806
2593 408.778
2594 383.778
2595 383.861
2596 376.806
2597 363.806
2598 370.75
2599 348.778
2600 368.75
2601 358.889
2602 388.861
2603 397.861
2604 368.778
2605 372.694
2606 406.694
2607 423.778
2608 469.861
2609 538.833
2610 715.5
2611 894.667
2612 1163.69
2613 1415.72
2614 1454.72
2615 1467.78
2616 1336.89
2617 1191.75
2618 1012.69
2619 904.833
2620 699.556
2621 547.889
2622 545.833
2623 490.778
2624 424.722
2625 392.944
2626 344.75
2627 312.722
2628 310.833
2629 308.667
2630 299.722
2631 327.694
2632 330.583
2633 323.722
2634 335.833
2635 343.861
2636 303.556
2637 309.889
2638 313.611
2639 284.833
2640 331.778
2641 357.806
2642 310.833
2643 311.611
2644 301.611
2645 341.833
2646 390.722
2647 442.778
2648 472.694
2649 507.833
2650 535.694
2651 515.778
2652 502.833
2653 438.667
2654 402.694
2655 365.694
2656 409.806
2657 407.889
2658 378.889
2659 433.833
2660 453.778
2661 491.75
2662 534.778
2663 537.722
2664 541.778
2665 596.722
2666 556.861
2667 519.75
2668 447.778
2669 427.806
2670 399.806
2671 345.667
2672 327.694
2673 332.667
2674 323.722
2675 302.722
2676 277.75
2677 288.861
2678 298.778
2679 302.806
2680 327.778
2681 305.75
2682 258.611
2683 310.722
2684 311.778
2685 284.778
2686 283.722
2687 269.889
2688 307.806
2689 274.694
2690 251.806
2691 278.917
2692 286.778
2693 304.861
2694 254.944
2695 285.833
2696 303.75
2697 286.861
2698 278.806
2699 270.778
2700 267.694
2701 312.778
2702 300.75
2703 253.806
2704 302.75
2705 281.694
2706 275.611
2707 281.833
2708 287.889
2709 272.722
2710 303.806
2711 280.861
2712 300.861
2713 357.75
2714 434.778
2715 575.889
2716 978.667
2717 1483.72
2718 2187.78
2719 2620.83
2720 3172.72
2721 3303.67
2722 3030.56
2723 2634.5
2724 2157.67
2725 1771.75
2726 1393.69
2727 1069.78
2728 830.889
2729 688.778
2730 507.833
2731 394.639
2732 384.778
2733 360.778
2734 326.75
2735 286.917
2736 309.861
2737 281.556
2738 271.722
2739 274.694
2740 263.694
2741 268.917
2742 271.722
2743 298.75
2744 268.833
2745 273.833
2746 283.778
2747 307.778
2748 305.861
2749 228.75
2750 264.944
2751 252.806
2752 254.75
2753 265.833
2754 281.806
2755 285.806
2756 285.75
2757 294.861
2758 270.806
2759 276.861
2760 264.889
2761 263.75
2762 266.806
2763 263.806
2764 309.806
2765 275.778
2766 317.75
2767 498.75
2768 787.639
2769 1579.89
2770 3180.86
2771 5416.75
2772 8686.5
2773 11728.6
2774 14460.6
2775 15689.9
2776 15403.1
2777 13766.2
2778 11381.3
2779 9188.36
2780 6877.64
2781 4905.75
2782 3619.81
2783 2564.83
2784 1786.81
2785 1243.72
2786 756.75
2787 522.722
2788 405.75
2789 323.667
2790 309.806
2791 289.806
2792 258.722
2793 262.833
2794 268.861
2795 274.833
2796 237.889
2797 269.556
2798 249.75
2799 281.722
2800 255.806
2801 258.889
2802 263.917
2803 253.722
2804 299.75
2805 246.75
2806 239.861
2807 261.861
2808 228.694
2809 205.75
2810 232.833
2811 226.917
2812 231.806
2813 220.917
2814 246.861
2815 211.861
2816 257.861
2817 211.806
2818 195.778
2819 207.861
2820 227.778
2821 256.833
2822 211.889
2823 198.778
2824 228.944
2825 205.75
2826 205.833
2827 225.75
2828 195.806
2829 203.722
2830 212.75
2831 245.944
2832 201.639
2833 224.778
2834 212.944
2835 211.778
2836 213.806
2837 207.806
2838 202.833
2839 201.833
2840 230.667
2841 216.833
2842 244.806
2843 247.583
2844 244.639
2845 223.583
2846 225.917
2847 227.833
2848 203.778
2849 212.889
2850 214.75
2851 207.806
2852 230.722
2853 223.833
2854 217.889
2855 226.778
2856 264.778
2857 213.806
2858 209.806
2859 214.778
2860 217.806
2861 201.861
2862 231.889
2863 211.694
2864 244.833
2865 223.889
2866 211.694
2867 231.778
2868 211.861
2869 225.917
2870 226.722
2871 209.806
2872 249.889
2873 219.889
2874 212.806
2875 241.861
2876 221.833
2877 219.778
2878 213.806
2879 255.806
2880 229.861
2881 221.806
2882 246.722
2883 217.806
2884 276.778
2885 270.917
2886 353.667
2887 406.833
2888 459.778
2889 498.778
2890 538.778
2891 547.778
2892 522.833
2893 494.806
2894 404.694
2895 383.806
2896 363.889
2897 349.861
2898 441.75
2899 566.694
2900 875.806
2901 1262.72
2902 1658.69
2903 1998.86
2904 2158.78
2905 2126.78
2906 1990.81
2907 1677.75
2908 1404.64
2909 1174.78
2910 869.861
2911 721.917
2912 550.806
2913 472.889
2914 391.861
2915 297.889
2916 278.778
2917 250.806
2918 252.639
2919 212.889
2920 242.639
2921 220.694
2922 215.833
2923 255.806
2924 238.917
2925 240.944
2926 220.75
2927 218.833
2928 210.889
2929 250.861
2930 246.833
2931 240.889
2932 240.944
2933 239.778
2934 224.778
2935 230.861
2936 215.778
2937 243.833
2938 260.639
2939 270.889
2940 294.75
2941 331.861
2942 352.75
2943 384.75
2944 460.833
2945 419.778
2946 420.806
2947 404.806
2948 364.806
2949 339.778
2950 312.833
2951 277.778
2952 286.861
2953 266.833
2954 237.833
2955 271.722
2956 209.722
2957 236.889
2958 243.806
2959 245.806
2960 214.722
2961 243.861
2962 230.861
2963 252.833
2964 220.917
2965 246.806
2966 250.75
2967 253.778
2968 252.778
2969 262.583
2970 286.861
2971 294.722
2972 289.722
2973 307.861
2974 269.806
2975 297.889
2976 313.806
2977 341.778
2978 378.861
2979 404.833
2980 366.806
2981 364.778
2982 382.833
2983 380.722
2984 363.889
2985 321.778
2986 302.861
2987 298.75
2988 274.806
2989 246.889
2990 246.861
2991 215.833
2992 245.778
2993 202.833
2994 250.694
2995 220.861
2996 222.806
2997 242.833
2998 231.833
2999 237.75
3000 228.889
3001 228.778
3002 234.778
3003 220.861
3004 180.889
3005 229.833
3006 204.806
3007 207.722
3008 241.833
3009 230.833
3010 237.778
3011 224.778
3012 228.806
3013 213.694
3014 234.833
3015 228.889
3016 208.889
3017 224.833
3018 228.861
3019 216.833
3020 213.75
3021 267.944
3022 226.778
3023 218.861
3024 224.861
3025 223.806
3026 245.861
3027 229.889
3028 207.778
3029 202.944
3030 222.889
3031 232.806
3032 251.917
3033 242.944
3034 257.722
3035 254.722
3036 232.806
3037 226.75
3038 238.861
3039 284.778
3040 350.667
3041 333.722
3042 340.778
3043 337.75
3044 374.861
3045 340.806
3046 313.778
3047 324.639
3048 287.917
3049 312.778
3050 264.778
3051 258.833
3052 248.833
3053 240.806
3054 244.75
3055 234.861
3056 232.722
3057 231.833
3058 246.917
3059 248.806
3060 212.806
3061 222.917
3062 218.833
3063 244.917
3064 233.806
3065 238.833
3066 235.75
3067 247.806
3068 223.75
3069 207.778
3070 230.778
3071 238.806
3072 252.833
3073 240.722
3074 245.861
3075 251.833
3076 234.889
3077 228.806
3078 243.833
3079 218.861
3080 221.778
3081 232.889
3082 257.889
3083 252.861
3084 250.917
3085 232.667
3086 226.861
3087 207.778
3088 249.833
3089 218.917
3090 231.833
3091 238.778
3092 217.833
3093 225.778
3094 235.667
3095 250.722
3096 231.75
3097 232.778
3098 237.944
3099 217.806
3100 229.861
3101 227.806
3102 215.861
3103 212.944
3104 207.722
3105 201.75
3106 201.889
3107 178.722
3108 202.917
3109 182.861
3110 208.917
3111 192.889
3112 162.611
3113 192.889
3114 167.833
3115 164.889
3116 202.75
3117 178.917
3118 188.861
3119 181.861
3120 214.833
3121 161.889
3122 202.917
3123 158.861
3124 170.806
3125 155.833
3126 189.861
3127 154.833
3128 166.861
3129 177.917
3130 195.889
3131 163.806
3132 195.917
3133 153.861
3134 178.861
3135 161.861
3136 151.889
3137 175.806
3138 160.806
3139 187.861
3140 150.778
3141 191.833
3142 156.778
3143 162.861
3144 154.806
3145 165.833
3146 172.889
3147 161.889
3148 174.806
3149 165.694
3150 168.861
3151 157.889
3152 165.833
3153 176.889
3154 160.806
3155 173.75
3156 215.889
3157 199.889
3158 193.806
3159 198.861
3160 205.806
3161 177.806
3162 188.833
3163 177.722
3164 179.778
3165 162.778
3166 179.833
3167 175.944
3168 179.778
3169 178.889
3170 167.833
3171 153.861
3172 160.972
3173 187.722
3174 158.889
3175 196.833
3176 193.972
3177 140.917
3178 161.861
3179 150.889
3180 146.806
3181 162.806
3182 139.722
3183 170.861
3184 144.944
3185 150.917
3186 138.694
3187 155.944
3188 140.833
3189 146.861
3190 136.861
3191 146.75
3192 145.694
3193 115.889
3194 163.806
3195 147.889
3196 146.806
3197 165.694
3198 140.861
3199 136.889
3200 131.861
3201 148.833
3202 140.861
3203 119.806
3204 148.75
3205 137.944
3206 147.833
3207 124.889
3208 108.778
3209 139.861
3210 132.694
3211 134.861
3212 135.972
3213 149.889
3214 126.833
3215 133.833
3216 144.889
3217 151.75
3218 126.972
3219 141.778
3220 154.833
3221 154.75
3222 178.861
3223 188.833
3224 195.833
3225 223.861
3226 162.778
3227 179.833
3228 157.861
3229 152.722
3230 150.861
3231 139.889
3232 128.806
3233 145.889
3234 137.889
3235 121.972
3236 142.889
3237 106.861
3238 110.861
3239 103.833
3240 131.806
3241 115.806
3242 127.833
3243 112.972
3244 126.861
3245 125.861
3246 125.861
3247 129.75
3248 111.861
3249 120.75
3250 105.806
3251 103.889
3252 117.861
3253 107.972
3254 102.833
3255 113.75
3256 118.833
3257 113.889
3258 104.722
3259 94.8611
3260 102.889
3261 95.8611
3262 106.861
3263 111.917
3264 100.889
3265 106.806
3266 115.833
3267 111.806
3268 99.9167
3269 83.8889
3270 102.861
3271 102.861
3272 112.778
3273 90.8611
3274 86.8611
3275 96.6389
3276 115.806
3277 112.806
3278 103.806
3279 129.806
3280 132.833
3281 139.917
3282 114.778
3283 119.778
3284 144.778
3285 123.861
3286 107.861
3287 117.806
3288 89.8889
3289 95.8611
3290 81.6944
3291 99.75
3292 93.8056
3293 83.7778
3294 94.8889
3295 88.8056
3296 90.8611
3297 101.889
3298 84.8611
3299 92.8333
3300 69.75
3301 82.6667
3302 84.6667
3303 94.6111
3304 90.7222
3305 118.556
3306 99.7222
3307 105.861
3308 101.806
3309 131.861
3310 141.778
3311 159.778
3312 154.861
3313 153.861
3314 153.833
3315 139.75
3316 132.778
3317 139.75
3318 131.833
3319 156.917
3320 208.917
3321 302.889
3322 428.833
3323 636.722
3324 793.861
3325 940.75
3326 1038.81
3327 989.75
3328 1023.89
3329 808.861
3330 671
3331 511.833
3332 429.944
3333 351.806
3334 239.972
3335 188.778
3336 165.944
3337 103.778
3338 116.778
3339 87.7778
3340 85.8056
3341 71.9444
3342 75.7778
3343 97.8611
3344 85.8333
3345 61.8333
3346 79.8889
3347 74.8333
3348 64.8611
3349 76.8889
3350 67.8056
3351 65.9722
3352 68.8889
3353 82.8333
3354 65.8611
3355 59.7778
3356 68.8611
3357 74.7222
3358 77.8333
3359 72.75
3360 85.8333
3361 65.7778
3362 75.8889
3363 75.8611
3364 69.8333
3365 96.8611
3366 68.8889
3367 89.8333
3368 91.7778
3369 68.9167
3370 99.7778
3371 90.8611
3372 92.75
3373 84.8333
3374 90.8889
3375 86.8889
3376 86.9167
3377 76.9167
3378 68.9722
3379 80.7778
3380 90.8611
3381 72.8056
3382 63.8611
3383 90.9444
3384 77.8889
3385 81.8611
3386 66.9167
3387 85.8889
3388 63.8333
3389 90.9167
3390 76.8889
3391 64.7778
3392 77.9722
3393 70.9167
3394 83.8889
3395 64.7778
3396 63.8333
3397 86.8611
3398 71.8056
3399 60.8056
3400 79.9444
3401 62.8333
3402 89.8333
3403 71
3404 87.6667
3405 75.8333
3406 65.8889
3407 78.8056
3408 76.75
3409 78.8889
3410 66.8056
3411 72.9167
3412 73.9444
3413 88.7778
3414 76.8333
3415 77.9167
3416 78.8333
3417 54.8056
3418 88.9167
3419 73.8333
3420 74.8889
3421 77.8333
3422 77.9167
3423 78.9167
3424 77.8333
3425 90.9167
3426 72.8889
3427 80.8889
3428 76.6944
3429 78.8889
3430 82.8333
3431 62.9722
3432 83.7778
3433 83.9444
3434 81.8889
3435 69.8611
3436 102.944
3437 93.9167
3438 89.8889
3439 86.8611
3440 89.8889
3441 96.8889
3442 106.944
3443 98.8056
3444 87.8889
3445 99.8333
3446 91.9167
3447 87.8611
3448 101.833
3449 101.889
3450 110.833
3451 135.833
3452 270.75
3453 403.861
3454 774.75
3455 1343.89
3456 2035.86
3457 2871.72
3458 3346.58
3459 3961.72
3460 3986.58
3461 3806.81
3462 3219.64
3463 2839.81
3464 2103.78
3465 1588.92
3466 1203.89
3467 858.778
3468 597.944
3469 438.75
3470 332.861
3471 197.778
3472 142.806
3473 109.889
3474 95.7778
3475 79.8056
3476 78.9444
3477 65.8611
3478 61.8889
3479 66.8333
3480 67.8333
3481 60.7222
3482 61.7778
3483 60.8333
3484 68.8611
3485 66.8611
3486 61.8611
3487 52.7778
3488 59.8611
3489 42.8333
3490 53.9444
3491 43.6389
3492 59.9722
3493 55.8333
3494 43.8056
3495 50.8889
3496 56.8333
3497 45.9444
3498 39.8056
3499 44.8056
3500 56.8611
3501 54.8889
3502 44.8056
3503 46.75
3504 46.7778
3505 49.8056
3506 36.7222
3507 48.9444
3508 45.8889
3509 53.9722
3510 44.9444
3511 54.8889
3512 45.9167
3513 53.8611
3514 45.8056
3515 38.8889
3516 47.8889
3517 46.8333
3518 61.7778
3519 32.9444
3520 39.8889
3521 52.8056
3522 41.75
3523 43.7778
3524 44.8611
3525 64.8333
3526 36.7778
3527 45.8333
3528 46.7222
3529 43.8611
3530 41.8889
3531 42.8333
3532 48.8333
3533 51.8056
3534 42.9167
3535 42.8889
3536 50.9722
3537 42.8889
3538 41.8889
3539 49.8889
3540 46.8611
3541 53.9167
3542 47.8889
3543 46.8889
3544 39.7222
3545 51.8333
3546 57.9722
3547 53.8056
3548 44.8056
3549 72.8889
3550 39.9444
3551 50.8889
3552 52.9444
3553 49.8056
3554 44.8056
3555 53.8056
3556 63.9167
3557 51.8889
3558 46.8889
3559 45.9444
3560 35.8611
3561 49.8056
3562 68.7778
3563 38.8333
3564 45.8333
3565 54.8056
3566 49.7778
3567 36.8333
3568 36.9444
3569 36.9167
3570 50.8333
3571 35.8056
3572 33.8611
3573 40.8611
3574 26.8889
3575 38.8056
3576 20.8889
3577 30.8889
3578 37.8611
3579 44.8611
3580 40.8056
3581 43.8611
3582 31.9167
3583 38.8611
3584 39.9444
3585 34.8889
3586 45.8889
3587 43.7778
3588 36.8333
3589 42.8333
3590 49.8611
3591 42.8889
3592 68.9444
3593 74.9167
3594 114.917
3595 162.861
3596 201.833
3597 256.833
3598 292.833
3599 291.861
3600 268.667
3601 261.917
3602 204.889
3603 138.806
3604 96.9167
3605 99.8056
3606 62.75
3607 49.8611
3608 48.8333
3609 32.8333
3610 32.9444
3611 34.8333
3612 32.8889
3613 31.9167
3614 37
3615 32.8333
3616 20.8333
3617 26.8611
3618 26.9722
3619 32.75
3620 30.7778
3621 26.8333
3622 46.8056
3623 37.9722
3624 23.8056
3625 26.7778
3626 40.7222
3627 41.8333
3628 36.9167
3629 36.9444
3630 26.7778
3631 32.8611
3632 31.8889
3633 23.8056
3634 23.9444
3635 32.8056
3636 27.8889
3637 24.9167
3638 32.6944
3639 22.9167
3640 34.8333
3641 30.8889
3642 21.8056
3643 30.8333
3644 29.8333
3645 21.9167
3646 25.9167
3647 23.8333
3648 25.6944
3649 23.8611
3650 27.8333
3651 23.8333
3652 26.8056
3653 31.9167
3654 30.8056
3655 44.7778
3656 44.8611
3657 42.9167
3658 41.8056
3659 28.8611
3660 32.8333
3661 32.9167
3662 35.9167
3663 32.8333
3664 26.9444
3665 24.8611
3666 27.7778
3667 22.75
3668 24.8889
3669 22.75
3670 19.8889
3671 17.6389
3672 20.9722
3673 21.9167
3674 28.8889
3675 20.8056
3676 11.75
3677 21.8889
3678 20.7778
3679 18.75
3680 17.8333
3681 20.8333
3682 22.8056
3683 18.8333
3684 18.7778
3685 17.7778
3686 25.7778
3687 14.9444
3688 16.7222
3689 20.9444
3690 24.9167
3691 22.9167
3692 22.8889
3693 22.8611
3694 23.8889
3695 17.9167
3696 23.9167
3697 9.80556
3698 17.75
3699 16.8056
3700 21.8889
3701 20.9167
3702 16.7222
3703 21.9167
3704 20.8056
3705 17.8056
3706 15.8889
3707 18.9167
3708 19.8056
3709 20.8889
3710 19.8333
3711 21.8333
3712 14.8333
3713 19.8889
3714 26.8056
3715 24.7778
3716 19.6944
3717 22.8056
3718 25.8889
3719 21.8889
3720 31.8889
3721 21.8611
3722 34.9167
3723 24.8889
3724 15.9444
3725 24.75
3726 19.8056
3727 23.8611
3728 30.8611
3729 24.9167
3730 24.8333
3731 21.6944
3732 20.75
3733 24.9444
3734 17.9722
3735 16.6667
3736 21.8056
3737 14.9167
3738 23.8333
3739 15.8889
3740 18
3741 12.75
3742 17.8056
3743 13.8611
3744 21.8889
3745 18.8611
3746 13.9444
3747 14.9444
3748 11.8611
3749 20.8889
3750 14.75
3751 14.9444
3752 18.8333
3753 16.8611
3754 13.8056
3755 13.8889
3756 22.8889
3757 13.9722
3758 12.8333
3759 8.86111
3760 18.9167
3761 17.8611
3762 19.8333
3763 14
3764 10.8889
3765 18.8333
3766 11.8889
3767 13.8056
3768 6.88889
3769 19.8333
3770 15.8611
3771 10.8333
3772 19.8889
3773 16.8889
3774 11.8333
3775 13.8611
3776 14.7778
3777 12.9722
3778 16.9167
3779 24.8333
3780 20.8333
3781 15.8056
3782 11.9167
3783 14.8611
3784 11.8611
3785 11.8889
3786 15.8333
3787 22.9722
3788 10.9722
3789 11.8889
3790 8.94444
3791 17.8611
3792 9.83333
3793 5.83333
3794 11.9167
3795 16.8333
3796 21.8611
3797 10.8889
3798 15.8611
3799 17.8333
3800 17.8889
3801 9.86111
3802 8.83333
3803 16.9722
3804 14.7778
3805 17.8611
3806 18.9167
3807 14.8056
3808 22.7222
3809 18.8056
3810 14.8611
3811 16.9444
3812 15.9167
3813 14.8611
3814 21.8889
3815 16.8889
3816 14.8889
3817 15.8611
3818 9.83333
3819 22.8889
3820 12.9167
3821 23.8889
3822 16.8056
3823 11.7778
3824 17.8611
3825 18.9167
3826 14.8056
3827 17.9167
3828 22.75
3829 25.9167
3830 58.9722
3831 60.8889
3832 117.917
3833 229.917
3834 327.889
3835 516.889
3836 766.833
3837 909.861
3838 1106.92
3839 1111.75
3840 1058.81
3841 990.833
3842 851.778
3843 639.917
3844 518.806
3845 365.889
3846 268.917
3847 181.972
3848 111.833
3849 85.9167
3850 49.9167
3851 41.8056
3852 30.9167
3853 26.9167
3854 26.9444
3855 20.9444
3856 20.8611
3857 14.9444
3858 14.8889
3859 18.9444
3860 6.88889
3861 10.8889
3862 10.8333
3863 9.88889
3864 11.9722
3865 20.9444
3866 8.77778
3867 6.72222
3868 16.8611
3869 10.8611
3870 17.8056
3871 7.88889
3872 16.8889
3873 6.91667
3874 13.9167
3875 7.94444
3876 13.9444
3877 14.9167
3878 3.86111
3879 14.8333
3880 10.9167
3881 7.91667
3882 12.9722
3883 7.91667
3884 8.94444
3885 15.8611
3886 9.91667
3887 8.88889
3888 9.86111
3889 10.8889
3890 13.9444
3891 18.9444
3892 10.9444
3893 7.88889
3894 10.9167
3895 11
3896 10
3897 13.9167
3898 6.83333
3899 5.83333
3900 10.9722
3901 7.94444
3902 6.97222
3903 10.9444
3904 17.9167
3905 10.8333
3906 12.9444
3907 9.97222
3908 16.9167
3909 13.9444
3910 8
3911 19.9167
3912 3.91667
3913 10.8889
3914 5.88889
3915 3.94444
3916 7.91667
3917 8.88889
3918 13.9167
3919 5.80556
3920 9
3921 5.97222
3922 7.86111
3923 8.83333
3924 5.91667
3925 6.88889
3926 14.9167
3927 14.8889
3928 14.8889
3929 13.8056
3930 14
3931 10.9167
3932 3.91667
3933 10
3934 8.88889
3935 11.9167
3936 15.9167
3937 6.94444
3938 5.97222
3939 11.9722
3940 8.97222
3941 8.91667
3942 6.91667
3943 5.86111
3944 10.9444
3945 14.8611
3946 5.94444
3947 4.94444
3948 5.94444
3949 6.94444
3950 13.7778
3951 4.86111
3952 8.94444
3953 8.97222
3954 5.94444
3955 5.88889
3956 6.97222
3957 3.88889
3958 5.91667
3959 10.9444
3960 6.97222
3961 7.88889
3962 8.83333
3963 6
3964 8.88889
3965 6.94444
3966 7.94444
3967 7.88889
3968 8.80556
3969 9.88889
3970 12.9444
3971 9.97222
3972 12.8333
3973 10.9444
3974 8.83333
3975 8.88889
3976 5.94444
3977 5.88889
3978 7.94444
3979 2.88889
3980 6.97222
3981 9.94444
3982 9.91667
3983 8.88889
3984 10.8056
3985 13.9167
3986 9.83333
3987 5.88889
3988 11.9444
3989 13.9167
3990 9.94444
3991 8.97222
3992 10.9722
3993 9.88889
3994 15.8889
3995 12.8611
3996 5.91667
3997 10.9167
3998 13.9444
3999 6.97222
4000 2.88889
4001 9.91667
4002 5.83333
4003 6.97222
4004 5.88889
4005 7.91667
4006 10.8333
4007 7.91667
4008 6.91667
4009 6.88889
4010 5.88889
4011 10.9444
4012 10.8889
4013 5.94444
4014 8.86111
4015 11.9722
4016 11.8611
4017 11.8333
4018 10.9444
4019 3.94444
4020 10.9444
4021 4.80556
4022 8.91667
4023 6.91667
4024 7.91667
4025 8.94444
4026 9.94444
4027 8.97222
4028 9.94444
4029 6.80556
4030 6.91667
4031 9
4032 0
4033 0
4034 0
4035 0
4036 0
4037 0
4038 0
4039 0
4040 0
4041 0
4042 0
4043 0
4044 0
4045 0
4046 0
4047 0
4048 0
4049 0
4050 0
4051 0
4052 0
4053 0
4054 0
4055 0
4056 0
4057 0
4058 0
4059 0
4060 0
4061 0
4062 0
4063 0
4064 0
4065 0
4066 0
4067 0
4068 0
4069 0
4070 0
4071 0
4072 0
4073 0
4074 0
4075 0
4076 0
4077 0
4078 0
4079 0
4080 0
4081 0
4082 0
4083 0
4084 0
4085 0
4086 0
4087 0
4088 0
4089 0
4090 0
4091 0
4092 0
4093 0
4094 0
4095 0
4096 0
4096 0
